0 [ 0, 0.7071067811865475, 1, 0.7071067811865476, 0 ]
6 [ 0,
  5.1656277547313885e-26,
  7.30530082891201e-26,
  5.1656277547313885e-26,
  0 ]
1 [ 0,
  0.000057521277336132094,
  0.00008134737053378214,
  0.000057521277336132094,
  0 ]
-5 [ 0,
  -1.608431489811857e+88,
  2.274665627039891e+88,
  -1.608431489811857e+88,
  0 ]
35 [ 0,
  -8.311928349346495e-57,
  1.175484180111923e-56,
  -8.311928349346495e-57,
  0 ]
2 [ 0,
  4.278526669793263e-9,
  6.050750443396627e-9,
  4.278526669793263e-9,
  0 ]
-18 [ 0,
  -1.1062076692525533e+281,
  1.564413888658092e+281,
  -1.1062076692525533e+281,
  0 ]
7 [ 0,
  2.39088576027807e-30,
  3.381223068269955e-30,
  2.39088576027807e-30,
  0 ]
22 [ 0,
  3.6501950078037766e-101,
  5.1621552853426663e-101,
  3.6501950078037766e-101,
  0 ]
-5 [ 0,
  -1.608431489811857e+88,
  2.274665627039891e+88,
  -1.608431489811857e+88,
  0 ]
12 [ 0,
  1.0765630599344083e-52,
  1.5224900801091194e-52,
  1.0765630599344083e-52,
  0 ]
88 [ 0, NaN, NaN, NaN, 0 ]
-17 [ 0,
  -7.91430069819208e+268,
  1.1192511384082097e+269,
  -7.91430069819208e+268,
  0 ]
25 [ 0,
  7.940818133614984e-117,
  1.1230012700896518e-116,
  7.940818133614984e-117,
  0 ]
-6 [ 0,
  -8.687355604075746e+105,
  1.2285776116441832e+106,
  -8.687355604075746e+105,
  0 ]
-21 [ 0, -Infinity, Infinity, -Infinity, 0 ]
5 [ 0,
  1.01123608536889e-21,
  1.4301037866897615e-21,
  1.01123608536889e-21,
  0 ]
-3 [ 0,
  -4.0958252905520174e+49,
  5.792371675009385e+49,
  -4.0958252905520174e+49,
  0 ]
0 [ 0, 0.7071067811865475, 1, 0.7071067811865476, 0 ]
-29 [ 0, -Infinity, Infinity, -Infinity, 0 ]
-48 [ 0, -Infinity, Infinity, -Infinity, 0 ]
53 [ 0,
  -2.3373116354670986e+261,
  3.3054578143700108e+261,
  -2.3373116354670986e+261,
  0 ]
-33 [ 0, -Infinity, Infinity, -Infinity, 0 ]
8 [ 0,
  1.0006818819237777e-34,
  1.4151778890376384e-34,
  1.0006818819237777e-34,
  0 ]
-1 [ 0,
  -12950949.424890017,
  18337926.537606835,
  -12950949.41765824,
  0 ]
-1 [ 0,
  -12950949.424890017,
  18337926.537606835,
  -12950949.41765824,
  0 ]
-3 [ 0,
  -4.0958252905520174e+49,
  5.792371675009385e+49,
  -4.0958252905520174e+49,
  0 ]
0 [ 0, 0.7071067811865475, 1, 0.7071067811865476, 0 ]
0 [ 0, 0.7071067811865475, 1, 0.7071067811865476, 0 ]
-1 [ 0,
  -12950949.424890017,
  18337926.537606835,
  -12950949.41765824,
  0 ]
0 [ 0, 0.7071067811865475, 1, 0.7071067811865476, 0 ]
-2 [ 0,
  2.3648226775373403e+27,
  -3.344364303180763e+27,
  2.3648226775373403e+27,
  0 ]
0 [ 0, 0.7071067811865475, 1, 0.7071067811865476, 0 ]
0 [ 0, 0.7071067811865475, 1, 0.7071067811865476, 0 ]
-1 [ 0,
  -12950949.424890017,
  18337926.537606835,
  -12950949.41765824,
  0 ]
-3 [ 0,
  -4.0958252905520174e+49,
  5.792371675009385e+49,
  -4.0958252905520174e+49,
  0 ]
0 [ 0, 0.7071067811865475, 1, 0.7071067811865476, 0 ]
-5 [ 0,
  -1.608431489811857e+88,
  2.274665627039891e+88,
  -1.608431489811857e+88,
  0 ]