1 'emg' [ -66, -99, -52, -21, -19, -15, 8, 7 ]
1 'emg' [ 22, 44, -39, -34, 5, 0, -5, 28 ]
0 'emg' [ 7, 2, -10, -66, -13, -102, -8, 3 ]
0 'emg' [ 1, 8, 31, 127, -41, 37, 9, 0 ]
0 'emg' [ 16, 17, 14, -29, -46, 72, 36, 21 ]
0 'emg' [ -9, -8, -9, 18, -35, -71, -17, -5 ]
1 'emg' [ -29, 5, -57, 18, -29, -14, -23, -55 ]
1 'emg' [ 41, -39, 49, 22, 37, 14, 14, 17 ]
1 'roll' -0.20259860358046858
1 'pitch' 0.13747245402866914
1 'atForward' 1
1 'atGround' 0
1 'atSky' 0
1 'hit' 0
0 'roll' 0.003249348731619554
0 'pitch' 0.006220626716941067
0 'atForward' 1
0 'atGround' 0
0 'atSky' 0
0 'hit' 0
0 'emg' [ -9, -14, -35, -59, 72, 61, -5, -7 ]
0 'emg' [ -3, -7, -10, -78, -88, -101, -32, -9 ]
1 'emg' [ 4, 5, -56, -41, -8, -7, -13, 15 ]
1 'emg' [ -8, 25, -45, -10, -15, -9, 3, -14 ]
1 'roll' -0.20738775842178875
1 'pitch' 0.1497526045257203
1 'atForward' 1
1 'atGround' 0
1 'atSky' 0
1 'hit' 0
0 'roll' -0.001008383844897926
0 'pitch' 0.010146136318197578
0 'atForward' 1
0 'atGround' 0
0 'atSky' 0
0 'hit' 0
1 'emg' [ 61, 19, 27, -20, 1, 5, 1, 8 ]
1 'emg' [ -58, 8, -37, -7, -29, -12, -31, -22 ]
0 'emg' [ 8, 17, 31, 62, -12, 55, 17, 9 ]
0 'emg' [ -7, -8, -7, -21, 57, -20, -12, -8 ]
1 'emg' [ -9, -18, 9, -33, 7, -6, 20, 11 ]
1 'emg' [ -11, -24, -44, 15, 5, -1, -5, -3 ]
0 'roll' -0.002384384611033594
0 'pitch' 0.011560220706747752
0 'atForward' 1
0 'atGround' 0
0 'atSky' 0
0 'hit' 0
1 'emg' [ -11, 6, -24, -13, -1, -1, -8, -7 ]
1 'emg' [ 17, 1, 79, 25, -6, 1, -7, -5 ]
0 'emg' [ 1, 2, -3, 10, -80, -21, -4, -4 ]
0 'emg' [ -10, -5, -9, 4, 127, 60, -4, -6 ]
0 'roll' -0.0015670182648336141
0 'pitch' 0.012159036187386998
0 'atForward' 1
0 'atGround' 0
0 'atSky' 0
0 'hit' 0
1 'emg' [ -12, -21, -100, -35, -6, -3, 3, 3 ]
1 'emg' [ -18, 1, 15, 32, 18, 11, 0, -3 ]
0 'emg' [ -5, -10, -13, -69, -12, 46, 3, -7 ]
0 'emg' [ 5, 23, 47, 99, 30, 21, 5, 3 ]
1 'emg' [ -27, -105, -56, -73, -9, 1, 7, 5 ]
1 'emg' [ 26, 87, -79, 30, 47, 25, 4, 8 ]
0 'roll' -0.001080398044193916
0 'pitch' 0.012617975019505205
0 'atForward' 1
0 'atGround' 0
0 'atSky' 0
0 'hit' 0
1 'roll' -0.18023018515316655
1 'pitch' 0.19810193145229724
1 'atForward' 1
1 'atGround' 0
1 'atSky' 0
1 'hit' 0
0 'emg' [ -1, -8, -6, 15, 84, 54, 3, 0 ]
0 'emg' [ -1, -11, -27, -91, 69, -8, -2, -2 ]
1 'emg' [ -10, -63, -12, -28, -15, -3, 1, -11 ]
1 'emg' [ -12, 11, -77, -48, -32, -20, -11, -30 ]
0 'roll' -0.0002743682589166616
0 'pitch' 0.01294204958780636
0 'atForward' 1
0 'atGround' 0
0 'atSky' 0
0 'hit' 0
1 'emg' [ 11, 95, 79, 88, 13, 1, 3, 11 ]
1 'emg' [ -26, -70, -128, -46, -33, -17, -19, -9 ]
0 'emg' [ -10, -13, -8, 4, 96, -13, -1, -9 ]
0 'emg' [ -9, -10, -17, -34, 62, 35, -19, -11 ]
1 'roll' -0.17003750561342829
1 'pitch' 0.21788681315676975
1 'atForward' 1
1 'atGround' 0
1 'atSky' 0
1 'hit' 0
0 'emg' [ 20, 28, 43, 63, -128, -8, 24, 21 ]
0 'emg' [ -6, -7, 2, 35, 93, -24, 0, -6 ]
1 'emg' [ -1, -1, 39, 12, -10, -13, -18, 2 ]
1 'emg' [ -9, -24, 21, 39, 3, 2, 1, -15 ]
0 'roll' 0.0004830643818264605
0 'pitch' 0.01337791649614801
0 'atForward' 1
0 'atGround' 0
0 'atSky' 0
0 'hit' 0
1 'roll' -0.16471402603657292
1 'pitch' 0.23599675461752517
1 'atForward' 1
1 'atGround' 0
1 'atSky' 0
1 'hit' 0
0 'emg' [ -5, -9, -30, -73, 29, 2, -3, -3 ]
0 'emg' [ -4, -5, -8, -11, -51, -71, -13, -4 ]
1 'emg' [ -13, 44, -55, -64, -32, -11, 0, -6 ]
1 'emg' [ 10, -8, 114, 66, 76, 38, 16, 12 ]
0 'emg' [ -6, -13, -32, -69, -22, -12, -6, -7 ]
0 'emg' [ 0, 3, 16, 63, -69, 69, -10, -2 ]
1 'roll' -0.1626735174231639
1 'pitch' 0.250176155688724
1 'atForward' 1
1 'atGround' 0
1 'atSky' 0
1 'hit' 0
0 'roll' 0.0011004121449834524
0 'pitch' 0.014151360050573294
0 'atForward' 1
0 'atGround' 0
0 'atSky' 0
0 'hit' 0
1 'emg' [ -2, -97, -86, -4, -7, 1, -3, 1 ]
1 'emg' [ 23, 47, 66, 17, 6, 1, 1, 5 ]
0 'emg' [ 4, 8, 4, -40, -9, 0, 0, 2 ]
0 'emg' [ -2, -4, -14, -44, 35, 25, 4, -2 ]
0 'emg' [ -5, -3, 1, 22, -67, -97, -26, -9 ]
0 'emg' [ 0, 2, 2, 71, 78, -13, 1, 0 ]
1 'emg' [ 1, 18, 9, 1, -12, -10, 4, -4 ]
1 'emg' [ -2, 61, 57, 69, -6, 1, -2, 3 ]
0 'roll' 0.0016518418916424342
0 'pitch' 0.015422627772758588
0 'atForward' 1
0 'atGround' 0
0 'atSky' 0
0 'hit' 0
1 'roll' -0.1620358521966536
1 'pitch' 0.2618691547143843
1 'atForward' 1
1 'atGround' 0
1 'atSky' 0
1 'hit' 0
0 'emg' [ 6, 6, 11, -8, -59, -81, 5, 6 ]
0 'emg' [ -2, -3, 0, 2, 45, -21, 7, 3 ]
1 'emg' [ -11, -5, -46, 62, 17, 5, 1, -3 ]
1 'emg' [ 4, -59, -79, -96, -41, -19, -14, -11 ]
0 'emg' [ -2, -5, -11, -47, 42, 6, -5, -6 ]
0 'emg' [ -1, 0, 4, -4, 3, -30, 16, 5 ]
1 'emg' [ 9, -3, -11, 33, 0, 1, 2, 3 ]
1 'emg' [ 9, 56, 110, 1, -20, -12, -8, 2 ]
0 'emg' [ -7, -2, -9, -39, -5, -32, -15, -4 ]
0 'emg' [ -1, -4, 1, 44, -82, -76, -15, -7 ]
1 'roll' -0.17054997898218902
1 'pitch' 0.2664902372624076
1 'atForward' 1
1 'atGround' 0
1 'atSky' 0
1 'hit' 0
1 'emg' [ 23, 22, 54, 97, 74, 38, 16, 16 ]
1 'emg' [ -6, -3, -18, -81, -27, -12, -6, -7 ]
0 'emg' [ 3, 2, -7, -13, -45, 50, 2, 2 ]
0 'emg' [ -7, -11, -8, -69, 49, 15, -3, -8 ]
1 'roll' -0.1872903338854955
1 'pitch' 0.2639714834495612
1 'atForward' 1
1 'atGround' 0
1 'atSky' 0
1 'hit' 0
0 'roll' 0.006885477411190604
0 'pitch' 0.017520996312637416
0 'atForward' 1
0 'atGround' 0
0 'atSky' 0
0 'hit' 0
1 'emg' [ -15, -55, -123, -122, -12, -6, -18, -8 ]
1 'emg' [ -9, -25, -53, -68, -46, -28, -4, -7 ]
0 'emg' [ 1, 6, 17, 68, -81, -36, -2, 0 ]
0 'emg' [ 1, 3, -5, -4, 59, -18, 3, 4 ]
1 'roll' -0.2030390334233666
1 'pitch' 0.25657738984854384
1 'atForward' 1
1 'atGround' 0
1 'atSky' 0
1 'hit' 0
0 'emg' [ -4, -1, -2, 23, 6, 16, 5, -2 ]
0 'emg' [ -5, -9, -3, -20, 72, 39, -17, -13 ]
1 'emg' [ -3, -6, -32, -22, -10, -3, -6, 0 ]
1 'emg' [ 15, 33, -23, 20, 45, 24, 9, 9 ]
0 'roll' 0.008323791341732886
0 'pitch' 0.018222550723258773
0 'atForward' 1
0 'atGround' 0
0 'atSky' 0
0 'hit' 0
1 'emg' [ -5, 16, 72, 17, -7, -1, -6, -6 ]
1 'emg' [ -6, -31, -124, -77, -38, -19, -2, -6 ]
0 'emg' [ 3, 3, 2, -17, -81, -29, 5, 5 ]
0 'emg' [ 3, 7, 16, 16, -106, -2, 4, 2 ]
1 'roll' -0.21726507119936753
1 'pitch' 0.24512166086417744
1 'atForward' 1
1 'atGround' 0
1 'atSky' 0
1 'hit' 0
0 'emg' [ -4, -10, -19, -39, -13, -90, -16, -7 ]
0 'emg' [ 6, 12, 27, 48, -64, 26, 8, 2 ]
1 'emg' [ -4, 4, -84, -43, 2, -7, -12, -7 ]
1 'emg' [ -10, 24, 54, 64, 6, -1, -8, -10 ]
0 'emg' [ 2, 0, -2, -25, -73, -10, 4, 2 ]
0 'emg' [ 0, 4, 3, 10, 3, -22, 6, 4 ]
1 'roll' -0.23780161697171165
1 'pitch' 0.2326817981525421
1 'atForward' 1
1 'atGround' 0
1 'atSky' 0
1 'hit' 0
0 'roll' 0.010253013604393709
0 'pitch' 0.01936766885904108
0 'atForward' 1
0 'atGround' 0
0 'atSky' 0
0 'hit' 0
1 'emg' [ -2, -23, -74, -11, -24, -22, -10, 0 ]
1 'emg' [ 11, 34, 127, 4, 9, 7, -2, 0 ]
1 'emg' [ -3, 16, -33, 33, -2, 5, 9, 3 ]
1 'emg' [ -6, -30, -26, -44, -17, -5, -7, -1 ]
0 'emg' [ -7, -14, -10, -4, 26, 12, -16, -9 ]
0 'emg' [ 2, 0, -2, 42, 51, 72, 1, 2 ]
1 'roll' -0.2654675504476698
1 'pitch' 0.21941725738727955
1 'atForward' 1
1 'atGround' 0
1 'atSky' 0
1 'hit' 0
0 'emg' [ 8, 15, 25, 11, -94, -52, 23, 11 ]
0 'emg' [ 0, -2, 2, 25, 35, 34, 10, 4 ]
1 'emg' [ -14, -20, -10, -22, -17, -22, -12, -9 ]
1 'emg' [ 5, -11, 9, 34, 27, 9, 10, 7 ]
0 'roll' 0.012586999840846817
0 'pitch' 0.020150482827555074
0 'atForward' 1
0 'atGround' 0
0 'atSky' 0
0 'hit' 0
1 'emg' [ 7, 20, 13, -37, -26, -9, 2, 4 ]
1 'emg' [ 3, 6, 4, 53, 34, 14, 4, 3 ]
0 'wave_out' 1
0 'emg' [ -3, -2, -3, 15, 65, -22, -6, -4 ]
0 'emg' [ -4, -6, -16, -39, 0, -15, -11, -5 ]
1 'roll' -0.29092506349109326
1 'pitch' 0.205521782300326
1 'atForward' 1
1 'atGround' 0
1 'atSky' 0
1 'hit' 0
0 'emg' [ -7, -5, -8, -7, 22, -11, -14, -6 ]
0 'emg' [ -2, -3, 0, 24, -19, 16, -2, -2 ]
1 'emg' [ -9, -12, -53, -74, -25, -7, 9, -1 ]
1 'emg' [ 0, -60, 19, 33, 13, 4, 3, 2 ]
1 'roll' -0.30687267971459736
1 'pitch' 0.19269548035624903
1 'atForward' 1
1 'atGround' 0
1 'atSky' 0
1 'hit' 0
0 'emg' [ 1, 1, 0, -6, -31, 17, 6, 3 ]
0 'emg' [ -2, -4, -7, -35, 26, 0, 3, -2 ]
1 'emg' [ 6, -7, 61, -14, 0, 5, -4, 3 ]
1 'emg' [ -9, 16, -59, -95, -46, -14, -4, -3 ]
1 'emg' [ 6, 7, 51, 88, 45, 26, 7, 7 ]
1 'emg' [ 3, 6, -18, -5, -3, 2, 3, 1 ]
0 'roll' 0.01769662634922681
0 'pitch' 0.019917210491655866
0 'atForward' 1
0 'atGround' 0
0 'atSky' 0
0 'hit' 0
0 'emg' [ -1, -2, -2, 8, 28, 29, 2, -6 ]
0 'emg' [ -1, -1, -1, -1, -23, -19, -10, -5 ]
1 'roll' -0.31865471548275276
1 'pitch' 0.18067305834098887
1 'atForward' 1
1 'atGround' 0
1 'atSky' 0
1 'hit' 0
0 'emg' [ -3, -9, -10, -4, 40, 23, 14, 13 ]
0 'emg' [ -4, -3, -5, -16, -62, -27, -9, -5 ]
1 'emg' [ -4, 2, -38, -11, 8, 1, -1, -1 ]
1 'emg' [ -7, 1, -28, -39, -26, -10, -7, -8 ]
0 'roll' 0.019962505730045054
0 'pitch' 0.01920947850759008
0 'atForward' 1
0 'atGround' 0
0 'atSky' 0
0 'hit' 0
0 'emg' [ 0, 1, -8, -38, -42, 30, 7, 4 ]
0 'emg' [ 0, -4, 1, 15, -2, -21, 3, 0 ]
1 'emg' [ -3, -57, 28, 44, 7, 3, 2, -2 ]
1 'emg' [ -9, -9, -97, -75, -27, -6, -9, -6 ]
0 'emg' [ -2, -2, -2, 8, 28, -16, -3, -1 ]
0 'emg' [ -2, -2, -5, -26, -13, -8, -2, -2 ]
1 'roll' -0.3205699453480898
1 'pitch' 0.16882585854712578
1 'atForward' 1
1 'atGround' 0
1 'atSky' 0
1 'hit' 0
0 'emg' [ -2, 0, 4, 19, 5, 4, -3, -3 ]
0 'emg' [ -1, -1, -3, -19, -13, -25, -1, -1 ]
1 'emg' [ -6, -6, -89, -56, -7, -6, -7, -5 ]
1 'emg' [ 4, 40, 87, 98, 12, 7, 0, 2 ]
0 'emg' [ -3, -2, 2, 8, 17, 17, -7, -6 ]
0 'emg' [ 2, 8, 5, -8, 15, 15, 7, 5 ]
1 'roll' -0.3178265526241771
1 'pitch' 0.15602108449823865
1 'atForward' 1
1 'atGround' 0
1 'atSky' 0
1 'hit' 0
0 'emg' [ -4, -7, -1, 19, 5, -15, -5, -4 ]
0 'emg' [ 1, 1, -1, -15, -17, -8, 2, 2 ]
0 'roll' 0.030036493409108175
0 'pitch' 0.01035009177122951
0 'atForward' 1
0 'atGround' 0
0 'atSky' 0
0 'hit' 0
1 'emg' [ -7, -33, -64, -38, -9, -4, 2, -3 ]
1 'emg' [ -2, 18, -14, 5, -7, 0, -5, -4 ]
0 'emg' [ -2, -1, 0, 14, 18, 1, -2, -2 ]
0 'emg' [ -6, -8, -11, -24, -74, -28, -6, -6 ]
1 'emg' [ -7, -20, 6, 8, 1, -16, 2, -1 ]
1 'emg' [ 0, 5, 6, -69, -6, -5, -2, -1 ]
0 'emg' [ -1, -1, 0, 11, -17, 4, 1, 4 ]
0 'emg' [ 0, -1, -2, -12, -19, -2, -1, 2 ]
1 'roll' -0.3132662065448765
1 'pitch' 0.14296696564704453
1 'atForward' 1
1 'atGround' 0
1 'atSky' 0
1 'hit' 0
0 'emg' [ -7, -6, -14, -17, 34, -2, -5, -7 ]
0 'emg' [ -1, 1, 4, 2, -16, 1, 3, 3 ]
1 'emg' [ 0, 7, 40, 21, 4, 2, 1, 3 ]
1 'emg' [ -2, -15, -5, 31, 5, -1, -1, -2 ]
0 'roll' 0.022792660732297285
0 'pitch' 0.03451140548523933
0 'atForward' 1
0 'atGround' 0
0 'atSky' 0
0 'hit' 0
1 'roll' -0.3073793098196147
1 'pitch' 0.12018674171581543
1 'atForward' 1
1 'atGround' 0
1 'atSky' 0
1 'hit' 0
1 'emg' [ -1, 8, 21, -22, -10, -1, -2, -1 ]
1 'emg' [ -2, 7, -79, -41, 1, 2, 3, -1 ]
0 'emg' [ 2, 9, 7, 20, 52, 3, -1, -1 ]
0 'emg' [ 1, -4, 0, -6, 17, 9, 2, -1 ]
1 'emg' [ 2, 25, 79, 8, -14, -4, 0, 2 ]
1 'emg' [ -4, 7, 2, -22, -2, -5, -4, -4 ]
0 'emg' [ 1, 2, 1, -2, -10, -6, -1, -2 ]
0 'emg' [ 0, -2, -1, -4, 2, -10, -1, 2 ]
1 'roll' -0.30199537561641093
1 'pitch' 0.11112160310266093
1 'atForward' 1
1 'atGround' 0
1 'atSky' 0
1 'hit' 0
0 'roll' 0.016585360834723964
0 'pitch' 0.027035102282640087
0 'atForward' 1
0 'atGround' 0
0 'atSky' 0
0 'hit' 0
1 'emg' [ -2, -7, -11, -8, -3, -1, -1, -4 ]
1 'emg' [ 0, 18, -13, -5, 1, -4, -5, -2 ]
0 'emg' [ 0, -2, -1, -1, -16, 0, -2, -3 ]
0 'emg' [ -1, 1, 0, -5, 3, 4, -2, 1 ]
1 'roll' -0.29356749202259746
1 'pitch' 0.10367533164307026
1 'atForward' 1
1 'atGround' 0
1 'atSky' 0
1 'hit' 0
0 'emg' [ -3, -4, 0, 8, -11, -2, 0, -2 ]
0 'emg' [ -3, -3, -5, -8, -9, -11, -3, -2 ]
1 'emg' [ 5, -3, -4, -2, 2, 3, -3, 0 ]
1 'emg' [ -2, 23, -3, -25, -7, -2, -1, -1 ]
0 'roll' 0.006667914328438736
0 'pitch' 0.03715635414853956
0 'atForward' 1
0 'atGround' 0
0 'atSky' 0
0 'hit' 0
1 'roll' -0.2831727323406513
1 'pitch' 0.09822480459913896
1 'atForward' 1
1 'atGround' 0
1 'atSky' 0
1 'hit' 0
0 'emg' [ -1, 2, 0, 1, 6, 5, -3, -3 ]
0 'emg' [ 0, -4, -4, 1, 15, 6, 3, 0 ]
1 'emg' [ -1, 10, -15, 4, -2, -6, -5, -1 ]
1 'emg' [ -2, -19, -25, -9, 1, -1, -1, 1 ]
0 'emg' [ -1, -6, -3, -5, 1, 0, 1, 1 ]
0 'emg' [ -1, 2, 1, 4, -2, 0, 0, -1 ]
1 'emg' [ 8, 0, -37, -10, -1, -5, 7, 4 ]
1 'emg' [ -17, 12, 60, 8, -2, -3, 6, -12 ]
0 'roll' -0.01619148530857557
0 'pitch' 0.029996050254181967
0 'atForward' 1
0 'atGround' 0
0 'atSky' 0
0 'hit' 0
1 'roll' -0.27327483438642153
1 'pitch' 0.09189625655193662
1 'atForward' 1
1 'atGround' 0
1 'atSky' 0
1 'hit' 0
0 'emg' [ 0, 0, 7, 25, -31, 6, 3, 2 ]
0 'emg' [ 1, -2, -5, -23, -19, -1, 0, 1 ]
1 'emg' [ -21, -13, 33, 26, 4, -4, 14, 14 ]
1 'emg' [ 10, -8, -73, -42, -1, 2, -3, 4 ]
0 'emg' [ 2, 4, 7, 19, -1, -2, -3, -1 ]
0 'emg' [ 1, 1, -1, -1, 14, -6, -1, -1 ]
1 'roll' -0.2617651318855484
1 'pitch' 0.08356243288775884
1 'atForward' 1
1 'atGround' 0
1 'atSky' 0
1 'hit' 0
0 'roll' -0.03046595053960954
0 'pitch' 0.010519758179410756
0 'atForward' 1
0 'atGround' 0
0 'atSky' 0
0 'hit' 0
0 'emg' [ -2, -4, -5, -8, 6, 8, 1, -2 ]
0 'emg' [ -1, -2, -2, 5, 3, -5, -2, -3 ]
1 'emg' [ 9, 8, 0, -13, -2, 3, -5, -3 ]
1 'emg' [ -4, -6, -15, -13, -2, -5, -8, -2 ]
0 'roll' -0.05343534462821304
0 'pitch' 0.014396158912797587
0 'atForward' 1
0 'atGround' 0
0 'atSky' 0
0 'hit' 0
1 'roll' -0.24916835866349063
1 'pitch' 0.07421519235057496
1 'atForward' 1
1 'atGround' 0
1 'atSky' 0
1 'hit' 0
0 'emg' [ -2, -3, -2, -8, -1, 3, 8, -1 ]
0 'emg' [ 0, 2, 2, 4, 5, 8, -3, -2 ]
1 'emg' [ -4, -1, 12, -12, -6, -3, -5, -5 ]
1 'emg' [ -1, -3, -6, 15, -1, 1, 7, -2 ]
1 'emg' [ 4, -4, -6, 8, 8, 5, -7, -5 ]
1 'emg' [ 3, -2, -5, 5, -5, -9, 2, 2 ]
0 'emg' [ 0, -1, 2, -3, -3, 1, -4, 2 ]
0 'emg' [ 0, 0, 0, 5, -1, -5, 7, 1 ]
1 'roll' -0.22974075354314266
1 'pitch' 0.0676226742820043
1 'atForward' 1
1 'atGround' 0
1 'atSky' 0
1 'hit' 0
0 'roll' -0.0652210876088301
0 'pitch' 0.007405110325480567
0 'atForward' 1
0 'atGround' 0
0 'atSky' 0
0 'hit' 0
1 'emg' [ 8, 1, 0, -10, -8, -9, -5, -5 ]
1 'emg' [ -30, -11, 11, 12, 2, 7, -34, -1 ]
0 'emg' [ -3, -5, -6, -4, 0, 2, -4, -2 ]
0 'emg' [ -1, -1, -1, 0, 6, 0, -2, 0 ]
1 'emg' [ 6, -9, -15, -12, -3, -2, 16, -8 ]
1 'emg' [ 26, 14, 3, 4, 3, 9, -9, 6 ]
0 'emg' [ -2, 3, -2, 1, -7, -7, -4, -3 ]
0 'emg' [ 0, -6, 2, 2, -5, 5, -5, 0 ]
1 'emg' [ -14, -6, -8, -5, -5, -5, -7, 5 ]
1 'emg' [ -18, -7, -7, 1, 2, 8, 2, -7 ]
0 'roll' -0.07233475817293998
0 'pitch' 0.016385141028989265
0 'atForward' 1
0 'atGround' 0
0 'atSky' 0
0 'hit' 0
1 'roll' -0.18484426618445887
1 'pitch' 0.05796132329351803
1 'atForward' 1
1 'atGround' 0
1 'atSky' 0
1 'hit' 0
1 'emg' [ 12, -4, 3, -2, 1, 1, 5, 9 ]
1 'emg' [ -2, -9, -21, 5, 0, -2, 3, -5 ]
0 'emg' [ 1, 4, 1, 1, 6, -7, -2, 0 ]
0 'emg' [ -3, -5, -4, -2, 0, -1, -1, 0 ]
1 'emg' [ 2, 6, 24, -15, -7, -6, -5, -6 ]
1 'emg' [ 17, -3, -4, 11, 6, 4, 7, 3 ]
0 'emg' [ -2, -3, -3, -3, 3, -4, -2, -2 ]
0 'emg' [ -1, -1, 0, 1, 1, -4, 1, -2 ]
1 'roll' -0.1631166669175769
1 'pitch' 0.04759706443584954
1 'atForward' 1
1 'atGround' 0
1 'atSky' 0
1 'hit' 0
0 'emg' [ -1, -1, 0, -2, -5, 2, -2, -1 ]
0 'emg' [ 0, 2, 0, -2, 5, 0, -1, 0 ]
1 'emg' [ -33, 1, 50, 3, -1, 1, -9, -1 ]
1 'emg' [ 11, -6, -12, 22, 2, 0, 12, 7 ]
0 'roll' -0.09871336149364526
0 'pitch' -0.0082519022341054
0 'atForward' 1
0 'atGround' 0
0 'atSky' 0
0 'hit' 0
1 'emg' [ -5, -10, -35, -13, -7, 3, 9, 0 ]
1 'emg' [ 11, 3, 15, -6, -6, -14, -29, -12 ]
0 'emg' [ -1, -3, -2, -2, 2, 2, 1, -2 ]
0 'emg' [ -2, -3, -1, -1, -1, 20, -3, -2 ]
1 'roll' -0.1448107388268233
1 'pitch' 0.03185822271770634
1 'atForward' 1
1 'atGround' 0
1 'atSky' 0
1 'hit' 0
0 'emg' [ 0, -2, 1, 3, 6, -35, -5, -2 ]
0 'emg' [ 0, 0, 3, 6, -16, 10, 1, 1 ]
0 'emg' [ -1, -2, -6, -6, 1, 5, 0, -1 ]
0 'emg' [ -3, -4, -6, -2, -1, 3, -8, -3 ]
1 'emg' [ -4, 2, 8, 5, -2, 6, 16, 1 ]
1 'emg' [ -18, -1, -8, -4, 2, 6, -5, -15 ]
0 'emg' [ -4, -3, -5, -7, 0, 2, 7, -3 ]
0 'emg' [ -1, 0, 0, 2, 4, 6, 2, 2 ]
0 'emg' [ -1, 3, 4, 3, 2, -6, -4, 1 ]
0 'emg' [ -2, 1, -1, -4, 0, -10, 3, -2 ]
1 'roll' -0.1322097823478983
1 'pitch' 0.013269925646007178
1 'atForward' 1
1 'atGround' 0
1 'atSky' 0
1 'hit' 0
0 'emg' [ -3, -2, 0, 1, -5, 8, -8, 0 ]
0 'emg' [ -2, 0, -4, 0, 0, -16, -10, -2 ]
1 'emg' [ 26, 0, -4, 4, 1, 0, 33, 24 ]
1 'emg' [ -10, 3, 21, -1, -6, -12, -29, -7 ]
0 'roll' -0.14501328677865377
0 'pitch' -0.061688440586149515
0 'atForward' 1
0 'atGround' 0
0 'atSky' 0
0 'hit' 0
1 'emg' [ -22, -1, -16, -4, -2, 9, -14, -18 ]
1 'emg' [ 26, 0, -1, -2, -3, 2, 7, 11 ]
0 'emg' [ -2, -1, -1, -2, -4, 0, 8, -2 ]
0 'emg' [ -2, -1, -1, 0, -2, -12, -5, -1 ]
1 'roll' -0.12130759609424764
1 'pitch' -0.005526250416667816
1 'atForward' 1
1 'atGround' 0
1 'atSky' 0
1 'hit' 0
0 'emg' [ -2, -2, 1, -1, -2, 4, -4, -4 ]
0 'emg' [ 2, 1, 1, 1, 1, 4, 1, 5 ]
1 'emg' [ -25, 8, -13, -1, 0, 9, 6, -16 ]
1 'emg' [ 12, 13, 12, -1, -4, -14, -5, -7 ]
0 'roll' -0.13796191016139203
0 'pitch' -0.07167408936984968
0 'atForward' 1
0 'atGround' 0
0 'atSky' 0
0 'hit' 0
1 'emg' [ -5, 6, 4, 1, -1, -1, -11, -3 ]
1 'emg' [ 13, -2, -7, -7, -3, -4, -8, -14 ]
0 'emg' [ 0, -2, -3, -3, 0, -5, -5, 1 ]
0 'emg' [ -3, -3, -1, -1, -3, -2, -2, -5 ]
1 'emg' [ 15, 2, -67, -26, -5, -4, -7, -7 ]
1 'emg' [ -8, 36, 87, 40, 9, 4, 13, 11 ]
0 'roll' -0.13084823543047144
0 'pitch' -0.08042927717060258
0 'atForward' 1
0 'atGround' 0
0 'atSky' 0
0 'hit' 0
1 'roll' -0.10799010565050511
1 'pitch' -0.049895303908517784
1 'atForward' 1
1 'atGround' 0
1 'atSky' 0
1 'hit' 0
0 'emg' [ -2, -3, -1, 1, -1, -3, -8, -2 ]
0 'emg' [ 0, -1, -2, -2, -3, -3, 7, 0 ]
1 'emg' [ -7, -10, -15, -5, -2, -6, -18, -6 ]
1 'emg' [ -42, -25, -36, -14, -7, -5, 5, 9 ]
0 'emg' [ 1, -2, 0, 0, -1, 8, -19, -2 ]
0 'emg' [ -4, -2, -3, -2, 2, 3, 27, 1 ]
1 'roll' -0.10908798268150006
1 'pitch' -0.07618105564767401
1 'atForward' 1
1 'atGround' 0
1 'atSky' 0
1 'hit' 0
0 'roll' -0.13047815275804467
0 'pitch' -0.09073437030124869
0 'atForward' 1
0 'atGround' 0
0 'atSky' 0
0 'hit' 0
1 'emg' [ 10, 26, 12, 5, 0, 0, 5, 23 ]
1 'emg' [ 2, -1, -4, -3, -3, 3, -9, -52 ]
0 'wave_out' 0
0 'emg' [ -4, 0, 2, -1, 0, 10, -2, -19 ]
0 'emg' [ -1, -1, -1, -2, -2, -1, -17, 13 ]
1 'emg' [ -21, -5, 13, 3, 0, -5, 6, -9 ]
1 'emg' [ 54, -3, -22, -12, -9, -10, -6, 35 ]
0 'emg' [ 2, -1, -1, -1, -4, 12, 12, 5 ]
0 'emg' [ -1, 4, 0, -1, -1, -10, 2, -6 ]
1 'roll' -0.11005739382090883
1 'pitch' -0.10023170084812956
1 'atForward' 1
1 'atGround' 0
1 'atSky' 0
1 'hit' 0
0 'emg' [ -2, -3, -1, -1, 2, 22, -13, -8 ]
0 'emg' [ -2, -3, 0, -1, 1, 1, -4, 12 ]
1 'emg' [ 2, 15, 16, 6, 3, -7, -48, -30 ]
1 'emg' [ -37, -12, -4, -4, -4, -6, 24, 23 ]
0 'roll' -0.15297258549358567
0 'pitch' -0.114930430573727
0 'atForward' 1
0 'atGround' 0
0 'atSky' 0
0 'hit' 0
1 'roll' -0.12227624886682735
1 'pitch' -0.1222286233130507
1 'atForward' 1
1 'atGround' 0
1 'atSky' 0
1 'hit' 0
0 'emg' [ -16, -8, 2, 2, 1, -4, 13, -17 ]
0 'emg' [ -3, -5, -5, -4, -5, -8, -23, -7 ]
1 'emg' [ -15, -2, 11, 3, -1, 1, 13, 15 ]
1 'emg' [ -43, 34, 3, -4, -2, 3, 7, -60 ]
0 'emg' [ -4, -6, -5, -6, -5, -6, -1, -4 ]
0 'emg' [ 3, 0, -2, -1, 0, 3, -2, 5 ]
1 'roll' -0.13634478058378183
1 'pitch' -0.1439114449167683
1 'atForward' 1
1 'atGround' 0
1 'atSky' 0
1 'hit' 0
0 'roll' -0.16536767052677323
0 'pitch' -0.12551539014228405
0 'atForward' 1
0 'atGround' 0
0 'atSky' 0
0 'hit' 0
1 'emg' [ 41, 11, -3, -5, -6, -8, 5, 71 ]
1 'emg' [ -26, 4, -3, 3, 6, 10, 20, -6 ]
0 'emg' [ 4, 7, -2, 0, -1, -9, -5, 2 ]
0 'emg' [ 0, 4, 5, 4, 3, 7, -2, -4 ]
1 'emg' [ 9, -22, 8, 3, 1, -4, -28, -18 ]
1 'emg' [ 2, -39, -23, -8, -1, 4, 2, -54 ]
1 'roll' -0.13879111626528615
1 'pitch' -0.16485187909222423
1 'atForward' 1
1 'atGround' 0
1 'atSky' 0
1 'hit' 0
0 'emg' [ 0, 1, 0, -1, -2, -13, 26, 8 ]
0 'emg' [ -6, -5, -3, -3, -2, 4, -4, -13 ]
1 'emg' [ -28, 13, -14, -4, -4, -4, 2, 46 ]
1 'emg' [ 20, 29, 48, 11, 4, 9, 46, -7 ]
0 'roll' -0.17326149489390893
0 'pitch' -0.13491506026914102
0 'atForward' 1
0 'atGround' 0
0 'atSky' 0
0 'hit' 0
1 'emg' [ -2, 5, -4, -5, -7, -7, -27, 6 ]
1 'emg' [ 110, -10, -5, 5, 8, 4, -24, 13 ]
0 'emg' [ 3, -1, -2, -3, -4, -9, -6, 7 ]
0 'emg' [ 2, 5, 1, 1, -1, -9, 16, 5 ]
1 'roll' -0.131560981002467
1 'pitch' -0.1848798307483162
1 'atForward' 1
1 'atGround' 0
1 'atSky' 0
1 'hit' 0
0 'roll' -0.17681060916908053
0 'pitch' -0.14295511003716616
0 'atForward' 1
0 'atGround' 0
0 'atSky' 0
0 'hit' 0
1 'emg' [ -51, -6, 7, 7, 8, 15, -15, -116 ]
1 'emg' [ -20, 3, -5, -8, -8, -21, -48, 101 ]
0 'emg' [ 1, -2, -2, -2, -1, -3, -1, 10 ]
0 'emg' [ 3, 8, 1, 1, 1, 1, -15, -30 ]
1 'roll' -0.12168788412450575
1 'pitch' -0.20330349290577218
1 'atForward' 1
1 'atGround' 0
1 'atSky' 0
1 'hit' 0
1 'emg' [ 48, -18, 0, -3, -1, 0, -20, -32 ]
1 'emg' [ -97, 27, 4, -1, 3, -3, 4, -11 ]
0 'emg' [ -4, -13, -1, 0, -1, -11, 14, 51 ]
0 'emg' [ 0, 2, 3, 3, 5, 20, -8, -11 ]
1 'emg' [ 51, -25, 5, -3, -5, -4, 28, 50 ]
1 'emg' [ 5, 19, -10, -5, -4, 2, 40, 40 ]
0 'roll' -0.17975835477279117
0 'pitch' -0.1383714095732215
0 'atForward' 1
0 'atGround' 0
0 'atSky' 0
0 'hit' 0
1 'roll' -0.11935553781622384
1 'pitch' -0.2182855583999545
1 'atForward' 1
1 'atGround' 0
1 'atSky' 0
1 'hit' 0
0 'emg' [ -13, -8, -7, -8, -8, -2, 1, -9 ]
0 'emg' [ -12, 0, 3, 0, 0, -14, 24, -31 ]
1 'emg' [ 23, -24, 8, 4, 4, 9, 23, -34 ]
1 'emg' [ -2, -72, -6, -6, -6, -11, -16, -63 ]
0 'roll' -0.176653221224153
0 'pitch' -0.14764313339194654
0 'atForward' 1
0 'atGround' 0
0 'atSky' 0
0 'hit' 0
1 'emg' [ 21, 70, 11, 2, 2, -10, -78, 4 ]
1 'emg' [ 1, -21, -10, -4, -4, 0, 46, -4 ]
1 'roll' -0.12427612055129701
1 'pitch' -0.22946072066858475
1 'atForward' 1
1 'atGround' 0
1 'atSky' 0
1 'hit' 0
0 'emg' [ 5, -2, -1, 0, -1, -6, -43, 50 ]
0 'emg' [ 4, 1, 1, -1, 1, 8, 21, -45 ]
1 'emg' [ -24, -22, -20, -7, -1, 2, 18, 46 ]
1 'emg' [ 13, -2, -9, 3, 3, 7, 51, -16 ]
1 'roll' -0.1273032160829913
1 'pitch' -0.2382020432421151
1 'atForward' 1
1 'atGround' 0
1 'atSky' 0
1 'hit' 0
0 'emg' [ -4, 0, -2, -1, 0, 2, -19, 8 ]
0 'emg' [ 1, 3, 0, -1, -1, -8, -9, -5 ]
1 'emg' [ -22, -3, 49, 7, -4, -7, -75, -58 ]
1 'emg' [ 33, -30, -19, -9, -5, -12, -72, 15 ]
0 'emg' [ 9, 1, 1, 1, 0, 3, 7, -31 ]
0 'emg' [ -3, -5, -4, -4, -3, -13, -12, 18 ]
1 'emg' [ -7, -16, -3, -6, -13, -18, 8, -22 ]
1 'emg' [ -44, 35, -12, -6, -5, -2, 27, 29 ]
0 'roll' -0.18237550175707626
0 'pitch' -0.15647061509413626
0 'atForward' 1
0 'atGround' 0
0 'atSky' 0
0 'hit' 0
0 'emg' [ -21, -10, 2, 1, 0, -3, -2, -27 ]
0 'emg' [ 8, -4, -1, 3, 3, 13, 61, 13 ]
1 'roll' -0.12305838066066617
1 'pitch' -0.24608529897703935
1 'atForward' 1
1 'atGround' 0
1 'atSky' 0
1 'hit' 0
0 'emg' [ -11, -3, -3, -3, -4, -6, -41, 26 ]
0 'emg' [ 17, 0, 1, -1, 0, 2, -9, -118 ]
0 'emg' [ 25, 5, -2, -2, -2, -12, -17, 7 ]
0 'emg' [ -57, 0, -4, -1, 2, 7, -6, 47 ]
1 'emg' [ -22, 18, -4, 9, 10, 24, 117, 96 ]
1 'emg' [ -61, -10, -10, -8, -10, -13, -69, -30 ]
0 'emg' [ 67, -11, -5, -4, -2, 1, -45, 1 ]
0 'emg' [ -41, -4, 4, 5, 7, 31, 74, -25 ]
1 'emg' [ 32, 24, -12, -16, -19, 0, 71, 118 ]
1 'emg' [ -66, -18, 25, 24, 20, -27, -128, -128 ]
0 'emg' [ 13, -3, -4, -5, -5, -21, 16, 62 ]
0 'emg' [ 21, -3, 4, 1, -1, -7, -72, 3 ]
1 'roll' -0.11253618461283342
1 'pitch' -0.253030567133577
1 'atForward' 1
1 'atGround' 0
1 'atSky' 0
1 'hit' 0
0 'roll' -0.17647846254543983
0 'pitch' -0.1854862301780584
0 'atForward' 1
0 'atGround' 0
0 'atSky' 0
0 'hit' 0
1 'emg' [ 23, 16, 10, 8, 11, 27, 17, 70 ]
1 'emg' [ 28, -8, 9, -5, -5, 11, 36, 34 ]
0 'emg' [ 39, 1, -2, 0, 1, 5, 31, 30 ]
0 'emg' [ -28, -16, -4, -2, -3, -5, -9, 14 ]
1 'roll' -0.10348537213111633
1 'pitch' -0.2579455723868699
1 'atForward' 1
1 'atGround' 0
1 'atSky' 0
1 'hit' 0
0 'roll' -0.1703609466574769
0 'pitch' -0.19510497941408467
0 'atForward' 1
0 'atGround' 0
0 'atSky' 0
0 'hit' 0
1 'emg' [ -44, 17, -3, 9, 8, -5, -49, 76 ]
1 'emg' [ 65, -8, -18, -6, -5, 0, -24, 36 ]
1 'emg' [ -92, -11, -2, -1, 2, -12, -79, -34 ]
1 'emg' [ -2, 5, -14, -9, -6, 28, 90, 22 ]
0 'emg' [ -11, -13, -4, -3, -6, -6, 9, 79 ]
0 'emg' [ 20, 3, -4, -8, -12, -26, -15, -9 ]
1 'roll' -0.08478512017415925
1 'pitch' -0.26534952793389516
1 'atForward' 1
1 'atGround' 0
1 'atSky' 0
1 'hit' 0
0 'emg' [ 14, -5, 2, 3, -5, -6, 31, -105 ]
0 'emg' [ 4, -6, -9, -5, -2, -1, -65, 127 ]
1 'emg' [ -21, -42, 7, 2, -1, -24, -21, 66 ]
1 'emg' [ -10, 50, 11, 6, 1, 2, -32, 2 ]
0 'emg' [ 9, 18, -4, -5, -4, -13, -43, -24 ]
0 'emg' [ -5, 3, 0, 2, 1, 13, 43, 8 ]
1 'roll' -0.07079609606732559
1 'pitch' -0.27001622344624465
1 'atForward' 1
1 'atGround' 0
1 'atSky' 0
1 'hit' 0
1 'emg' [ -118, -50, -32, -12, -10, -14, -34, -128 ]
1 'emg' [ -35, -36, -10, 2, 7, 25, 20, 59 ]
0 'emg' [ -24, 7, -14, -10, -13, -33, 32, 29 ]
0 'emg' [ -10, -20, -9, -5, -6, 20, -94, -21 ]
1 'emg' [ -42, 11, 11, 3, 4, 6, 4, -2 ]
1 'emg' [ 125, -7, -9, -12, -13, -7, -41, 69 ]
0 'roll' -0.1641216533732769
0 'pitch' -0.2043574326787223
0 'atForward' 1
0 'atGround' 0
0 'atSky' 0
0 'hit' 0
1 'roll' -0.05896816657790205
1 'pitch' -0.27352797981790494
1 'atForward' 1
1 'atGround' 0
1 'atSky' 0
1 'hit' 0
0 'emg' [ 67, -41, 11, 16, 14, 8, 72, 37 ]
0 'emg' [ 47, 29, 4, 2, 0, 10, 65, 98 ]
1 'emg' [ 23, 28, -6, -8, -12, -21, 2, -15 ]
1 'emg' [ 84, -1, -3, 5, 1, 4, 39, 3 ]
0 'roll' -0.1601446634551013
0 'pitch' -0.2134883538418783
0 'atForward' 1
0 'atGround' 0
0 'atSky' 0
0 'hit' 0
1 'emg' [ -14, -25, -6, 1, 4, -37, -90, 35 ]
1 'emg' [ 93, 2, 8, 5, 7, 25, 23, 25 ]
0 'emg' [ -81, 13, 1, 0, 5, 8, 18, -77 ]
0 'emg' [ 77, 20, 4, 5, 6, 16, 3, 1 ]
1 'roll' -0.051420038795088725
1 'pitch' -0.27412405362322556
1 'atForward' 1
1 'atGround' 0
1 'atSky' 0
1 'hit' 0
0 'emg' [ -13, 7, 9, 11, 12, 10, 48, -17 ]
0 'emg' [ 68, 20, -4, -4, -4, -2, 38, -15 ]
1 'emg' [ 84, 12, -11, -18, -14, 8, 30, 52 ]
1 'emg' [ 70, 91, 50, 18, 12, 22, 42, 26 ]
0 'emg' [ 79, -7, 4, 2, 0, 6, -80, -103 ]
0 'emg' [ -60, -20, -9, -10, -15, -36, -53, 71 ]
1 'roll' -0.04556232416445976
1 'pitch' -0.2730715755503771
1 'atForward' 1
1 'atGround' 0
1 'atSky' 0
1 'hit' 0
0 'roll' -0.15386567337590798
0 'pitch' -0.2270097705380657
0 'atForward' 1
0 'atGround' 0
0 'atSky' 0
0 'hit' 0
1 'emg' [ -31, 24, 12, 7, 5, -11, 85, -65 ]
1 'emg' [ 46, -49, -8, -1, 0, 11, -1, 10 ]
0 'emg' [ 35, 7, -5, -3, -5, -5, -36, -15 ]
0 'emg' [ -96, -20, -8, -9, -12, -21, -59, -102 ]
1 'emg' [ 61, -6, -17, 3, 7, 48, 94, -123 ]
1 'emg' [ -28, -78, -48, -25, -18, -19, 0, 72 ]
0 'emg' [ 100, 10, 4, -1, -7, -6, 5, -35 ]
0 'emg' [ -93, -7, 2, 0, 9, 7, 21, -31 ]
1 'roll' -0.036213275218598864
1 'pitch' -0.2732937813611084
1 'atForward' 1
1 'atGround' 0
1 'atSky' 0
1 'hit' 0
0 'roll' -0.15455792207272898
0 'pitch' -0.23417179272378041
0 'atForward' 1
0 'atGround' 0
0 'atSky' 0
0 'hit' 0
1 'emg' [ -61, 13, 29, 0, 7, 52, 120, 1 ]
1 'emg' [ -23, -32, -8, -10, -15, -32, -92, 47 ]
0 'emg' [ -17, 31, 2, -2, 0, 7, 31, 90 ]
0 'emg' [ 53, -41, -6, -2, 3, 12, 5, -15 ]
1 'emg' [ 63, 57, 9, 1, -7, -26, 68, -114 ]
1 'emg' [ 16, -33, -25, -10, -13, -33, 6, -97 ]
0 'emg' [ -63, -14, -3, -4, -7, -11, -26, -61 ]
0 'emg' [ 11, 26, 0, 1, -10, -5, 37, -73 ]
1 'roll' -0.025761263711845898
1 'pitch' -0.2743834774851914
1 'atForward' 1
1 'atGround' 0
1 'atSky' 0
1 'hit' 0
0 'wave_in' 1
0 'emg' [ 23, 6, -3, -3, -2, -24, -31, 42 ]
0 'emg' [ -24, -3, 7, 3, 6, -1, -30, -99 ]
1 'emg' [ 2, -14, -8, -13, -7, 7, -56, 14 ]
1 'emg' [ -29, -35, -33, 8, 18, 30, 37, 26 ]
0 'emg' [ -64, -11, -8, -3, 1, 11, 2, 83 ]
0 'emg' [ 3, 10, -3, -1, -4, -15, -30, 37 ]
1 'roll' -0.01634749487339304
1 'pitch' -0.2737606846047278
1 'atForward' 1
1 'atGround' 0
1 'atSky' 0
1 'hit' 0
0 'roll' -0.1540568771298898
0 'pitch' -0.24576534831709765
0 'atForward' 1
0 'atGround' 0
0 'atSky' 0
0 'hit' 0
1 'emg' [ 40, 55, 32, -4, -6, 0, -26, -38 ]
1 'emg' [ -55, -48, -4, 5, 5, -7, -22, 17 ]
0 'emg' [ 55, 4, 4, 3, 3, 18, 41, 42 ]
0 'emg' [ -51, -13, -10, -5, -7, -16, 14, -3 ]
1 'emg' [ 62, 5, -19, -3, -3, 3, 90, -17 ]
1 'emg' [ 96, 86, 55, 13, -1, -27, -111, -30 ]
0 'roll' -0.14786901421056445
0 'pitch' -0.2512236788617727
0 'atForward' 1
0 'atGround' 0
0 'atSky' 0
0 'hit' 0
1 'roll' -0.008349560880884935
1 'pitch' -0.27212161155383513
1 'atForward' 1
1 'atGround' 0
1 'atSky' 0
1 'hit' 0
0 'emg' [ -128, -66, -12, -6, -8, -21, -20, -71 ]
0 'emg' [ 35, 28, -8, -5, 2, -8, -65, 33 ]
1 'emg' [ -90, -93, -76, -7, -1, 13, -82, -35 ]
1 'emg' [ 14, -87, 74, 9, -4, 5, 11, 53 ]
1 'roll' 0.0020968540628957164
1 'pitch' -0.27074677026867955
1 'atForward' 1
1 'atGround' 0
1 'atSky' 0
1 'hit' 0
0 'emg' [ 56, -16, 2, 3, 13, 20, 43, 12 ]
0 'emg' [ 59, 3, -8, -7, -14, -18, 11, 76 ]
1 'emg' [ 14, 35, -13, -4, -9, -23, 39, -5 ]
1 'emg' [ -60, -47, -50, -4, 4, -2, 63, -11 ]
0 'emg' [ -81, -11, 0, -1, -4, 3, 15, -107 ]
0 'emg' [ 61, 15, 9, 6, 3, 17, 35, 58 ]
1 'roll' 0.010737278129559246
1 'pitch' -0.2704437017912612
1 'atForward' 1
1 'atGround' 0
1 'atSky' 0
1 'hit' 0
0 'emg' [ -68, 3, -1, -2, 2, 11, 32, -15 ]
0 'emg' [ 9, -10, 1, 3, 0, -6, 33, -19 ]
1 'emg' [ -104, 8, -30, -10, -4, 22, 19, -33 ]
1 'emg' [ 123, 24, 24, 7, 3, -11, 22, 71 ]
0 'roll' -0.12969355872106164
0 'pitch' -0.26427867709101865
0 'atForward' 1
0 'atGround' 0
0 'atSky' 0
0 'hit' 0
1 'emg' [ -28, -24, 26, -6, -7, -12, -29, 101 ]
1 'emg' [ -95, 4, -14, 2, 4, 26, 24, -96 ]
0 'emg' [ 8, 27, -6, -8, -6, -8, -33, -19 ]
0 'emg' [ 82, 19, 7, 8, 7, 11, 82, -47 ]
1 'roll' 0.01534414766766694
1 'pitch' -0.2698505662867085
1 'atForward' 1
1 'atGround' 0
1 'atSky' 0
1 'hit' 0
0 'emg' [ 11, -11, -4, -6, -9, 2, -15, 9 ]
0 'emg' [ -89, -38, -8, -2, -3, -37, -75, -57 ]
1 'emg' [ -32, -61, -36, -14, -7, -7, 8, 41 ]
1 'emg' [ 87, -59, 5, 0, 0, -20, 88, 51 ]
0 'roll' -0.11779447390321801
0 'pitch' -0.26782974739334753
0 'atForward' 1
0 'atGround' 0
0 'atSky' 0
0 'hit' 0
1 'emg' [ 41, 28, 16, 10, 7, 22, 20, 95 ]
1 'emg' [ -55, -23, -20, -18, -10, -35, -83, -72 ]
0 'emg' [ -18, -21, -13, -5, 2, 3, -19, 95 ]
0 'emg' [ 2, -6, -5, -1, 2, 10, 11, 78 ]
0 'emg' [ 24, 13, 1, -1, 3, 22, 5, -22 ]
0 'emg' [ 17, 0, -1, -5, -9, 3, -7, -23 ]
0 'emg' [ 54, 30, 9, 10, 8, 13, 21, 4 ]
0 'emg' [ -13, -26, -8, -6, -3, -2, -1, -2 ]
1 'roll' 0.017549755556252107
1 'pitch' -0.2691279525464487
1 'atForward' 1
1 'atGround' 0
1 'atSky' 0
1 'hit' 0
0 'roll' -0.08197811205882381
0 'pitch' -0.2696646255724283
0 'atForward' 1
0 'atGround' 0
0 'atSky' 0
0 'hit' 0
1 'emg' [ -4, -14, -17, 0, 1, 7, 24, -16 ]
1 'emg' [ -18, 24, 60, 7, 1, -5, -3, 31 ]
0 'emg' [ 57, -5, 2, -2, -7, -18, -42, 72 ]
0 'emg' [ -28, -1, -2, 1, 6, 10, -5, -10 ]
1 'roll' 0.01710206978685711
1 'pitch' -0.26850988724564584
1 'atForward' 1
1 'atGround' 0
1 'atSky' 0
1 'hit' 0
0 'emg' [ -29, -3, -1, -2, -5, -13, -10, -9 ]
0 'emg' [ 0, 11, -1, -2, 2, -7, -10, -105 ]
0 'roll' -0.05669288100038138
0 'pitch' -0.2702747469724898
0 'atForward' 1
0 'atGround' 0
0 'atSky' 0
0 'hit' 0
1 'emg' [ 34, 13, -9, -3, -3, -9, -2, 0 ]
1 'emg' [ -31, -31, -28, -9, -10, -7, -3, -9 ]
0 'emg' [ 7, -8, 0, -3, -6, -1, 20, -27 ]
0 'emg' [ -75, 0, 2, 1, 0, 1, -16, 66 ]
0 'emg' [ 38, -1, -2, -2, -5, -12, -14, -18 ]
0 'emg' [ -30, -2, 0, 4, 3, 8, -3, -13 ]
1 'emg' [ -15, 6, 34, 7, 1, -5, 2, 2 ]
1 'emg' [ 113, 2, -55, -8, 1, -2, -30, -55 ]
0 'emg' [ 0, 18, 3, 2, 6, 6, -1, -26 ]
0 'emg' [ -14, -3, 1, 0, -1, -3, 7, -13 ]
1 'roll' 0.013987928624625588
1 'pitch' -0.2673715297185239
1 'atForward' 1
1 'atGround' 0
1 'atSky' 0
1 'hit' 0
0 'emg' [ -4, 1, 1, -1, 3, 1, -6, -26 ]
0 'emg' [ 13, -3, -2, -3, -6, -4, 2, 20 ]
1 'emg' [ -2, -36, -20, -4, -3, -39, -113, -8 ]
1 'emg' [ -4, -3, 4, -2, -3, 1, -2, -40 ]
0 'roll' 0.005753372421060021
0 'pitch' -0.2849498905665954
0 'atForward' 1
0 'atGround' 0
0 'atSky' 0
0 'hit' 0
1 'emg' [ -51, 2, 10, -5, -4, -7, -26, -12 ]
1 'emg' [ -51, 45, 0, 3, 2, 2, -27, 20 ]
0 'emg' [ -37, 4, -1, -1, -2, -1, 36, -8 ]
0 'emg' [ 26, -5, 1, -1, -1, -3, -39, -24 ]
0 'emg' [ 14, 1, -3, 0, 2, 2, -42, 9 ]
0 'emg' [ 10, -5, -2, -2, -3, -1, -4, -2 ]
1 'roll' -0.0041442331343693965
1 'pitch' -0.2635343509053867
1 'atForward' 1
1 'atGround' 0
1 'atSky' 0
1 'hit' 0
0 'roll' 0.041172465155172755
0 'pitch' -0.28033851171765095
0 'atForward' 1
0 'atGround' 0
0 'atSky' 0
0 'hit' 0
1 'emg' [ 30, 18, 29, 8, 7, 19, 27, 17 ]
1 'emg' [ 22, 11, -3, -3, -1, -4, -38, -6 ]
0 'emg' [ -1, 4, 2, 4, 2, 3, 25, -19 ]
0 'emg' [ 71, 6, 1, -1, 0, -4, -9, -37 ]
1 'roll' -0.016134688320930606
1 'pitch' -0.25906733708516266
1 'atForward' 1
1 'atGround' 0
1 'atSky' 0
1 'hit' 0
0 'emg' [ 11, -4, 1, -1, -3, -10, 9, -3 ]
0 'emg' [ 21, 4, -1, -3, -2, 3, 18, -21 ]
1 'emg' [ -1, -6, 0, 1, 0, 5, 18, -16 ]
1 'emg' [ -8, -2, -8, -6, -5, -6, 3, 23 ]
0 'emg' [ -43, 1, -2, -2, -1, 5, 26, -9 ]
0 'emg' [ 4, -3, -1, 2, 1, 0, 5, 20 ]
1 'emg' [ 34, 14, -7, -1, 3, -1, -4, 12 ]
1 'emg' [ -66, 10, 6, 0, 0, -5, -23, -17 ]
0 'roll' 0.10744607367062292
0 'pitch' -0.2872564507277968
0 'atForward' 1
0 'atGround' 0
0 'atSky' 0
0 'hit' 0
1 'roll' -0.034446224838602615
1 'pitch' -0.24212660306478634
1 'atForward' 1
1 'atGround' 0
1 'atSky' 0
1 'hit' 0
0 'emg' [ -5, 2, -2, -3, -3, 3, 5, 22 ]
0 'emg' [ -13, -6, -2, 2, 2, -3, 11, -8 ]
1 'emg' [ -17, 37, 35, 8, 5, 1, 6, -9 ]
1 'emg' [ 33, 7, -16, -4, 2, 4, 22, 18 ]
0 'emg' [ 24, -2, -3, -3, -1, -1, -4, 42 ]
0 'emg' [ -9, 0, -4, -2, -2, 0, -6, -24 ]
1 'roll' -0.040354580292808896
1 'pitch' -0.23328556680202303
1 'atForward' 1
1 'atGround' 0
1 'atSky' 0
1 'hit' 0
0 'roll' 0.13352956584418604
0 'pitch' -0.28008125278834417
0 'atForward' 1
0 'atGround' 0
0 'atSky' 0
0 'hit' 0
1 'emg' [ 2, -29, -8, 5, 1, -4, -8, 0 ]
1 'emg' [ -9, 36, 16, 0, -4, 2, 33, 13 ]
0 'emg' [ -2, 2, -4, -4, -4, -1, 0, -7 ]
0 'emg' [ -18, -3, 1, 0, -2, -2, 1, -1 ]
1 'emg' [ -10, -12, -12, -4, -6, 1, -1, -5 ]
1 'emg' [ 31, -9, -11, -5, -8, -10, -15, 0 ]
0 'emg' [ 13, 3, 4, 0, -1, 0, 4, -2 ]
0 'emg' [ 5, 2, -4, -2, -1, 0, 11, -12 ]
1 'roll' -0.04281767835933507
1 'pitch' -0.223763583043479
1 'atForward' 1
1 'atGround' 0
1 'atSky' 0
1 'hit' 0
0 'emg' [ -13, -5, -10, -7, -4, -2, 3, -23 ]
0 'emg' [ -10, -2, 0, 1, 0, 9, 21, 32 ]
0 'emg' [ 13, -7, -6, -6, -9, 2, -7, 2 ]
0 'emg' [ 19, -1, 3, 4, 9, -6, -3, -78 ]
1 'emg' [ -82, -12, -21, -9, -6, -7, -6, 8 ]
1 'emg' [ 4, 24, 9, -1, -1, -3, 1, -3 ]
0 'roll' 0.17978027984181957
0 'pitch' -0.2732108491112935
0 'atForward' 1
0 'atGround' 0
0 'atSky' 0
0 'hit' 0
1 'roll' -0.04078790112039226
1 'pitch' -0.21128302056443504
1 'atForward' 1
1 'atGround' 0
1 'atSky' 0
1 'hit' 0
0 'emg' [ -23, 1, 3, 9, 14, 1, -30, 74 ]
0 'emg' [ -43, -10, -5, -1, 3, 9, 47, -55 ]
1 'emg' [ 18, -42, -9, 2, -4, -13, -24, -3 ]
1 'emg' [ -5, 2, -9, 4, 6, 1, -68, -11 ]
0 'emg' [ 7, 16, 13, 8, 4, 3, 9, -10 ]
0 'emg' [ 5, -4, -8, -11, -13, 0, 45, 55 ]
1 'emg' [ 26, -2, -13, 1, 4, 7, 25, -75 ]
1 'emg' [ 83, 35, 22, 12, 4, 8, 20, 10 ]
0 'roll' 0.1923712788800783
0 'pitch' -0.27019339974526246
0 'atForward' 1
0 'atGround' 0
0 'atSky' 0
0 'hit' 0
1 'roll' -0.03843431134201184
1 'pitch' -0.19768519318062977
1 'atForward' 1
1 'atGround' 0
1 'atSky' 0
1 'hit' 0
0 'emg' [ 37, 5, -2, -1, -4, -8, -12, -29 ]
0 'emg' [ -13, -5, -1, -2, -7, -7, 2, 15 ]
1 'emg' [ -4, 23, -15, -14, -6, -4, -18, -5 ]
1 'emg' [ 17, 53, 18, -2, -5, -7, 12, 40 ]
0 'emg' [ 45, 5, -3, -3, 5, 5, -14, 37 ]
0 'emg' [ -42, -7, 0, 2, 4, 7, 4, -85 ]
1 'emg' [ 5, -20, 4, 3, -4, -7, -47, -47 ]
1 'emg' [ -21, -18, -23, -12, -7, -7, 5, 13 ]
0 'emg' [ -79, -1, 2, 2, 3, 4, 1, -29 ]
0 'emg' [ 46, 8, 2, 0, 1, 2, -52, 86 ]
0 'emg' [ 63, -5, -15, -14, -16, -24, -2, 50 ]
0 'emg' [ 13, 8, 9, 9, 12, 5, -51, -98 ]
1 'emg' [ 106, -7, 7, 2, 0, 12, 16, 31 ]
1 'emg' [ -57, 13, -3, -4, -5, -7, -18, -14 ]
0 'roll' 0.21292731888253197
0 'pitch' -0.2697114461114986
0 'atForward' 1
0 'atGround' 0
0 'atSky' 0
0 'hit' 0
1 'roll' -0.0352262076863475
1 'pitch' -0.1684772696378927
1 'atForward' 1
1 'atGround' 0
1 'atSky' 0
1 'hit' 0
0 'emg' [ -42, -9, -2, -3, 0, 8, 22, -30 ]
0 'emg' [ -3, -7, -8, -8, -15, -36, -78, -70 ]
0 'emg' [ -108, -17, 4, 10, 12, 19, 25, -79 ]
0 'emg' [ 31, 16, -6, -10, -14, -23, -61, 9 ]
1 'emg' [ -11, 5, -17, -8, -2, -7, -16, -5 ]
1 'emg' [ -18, -20, -9, -8, -5, -4, 41, -5 ]
0 'roll' 0.22853646328112967
0 'pitch' -0.26842232825758117
0 'atForward' 1
0 'atGround' 0
0 'atSky' 0
0 'hit' 0
1 'emg' [ -22, 11, 9, -3, 4, -1, 0, 12 ]
1 'emg' [ -3, -27, -39, -3, -10, -7, -18, -17 ]
0 'emg' [ -60, -12, -8, -8, -10, 2, 90, -89 ]
0 'emg' [ 43, 6, 13, 13, 12, 11, -18, -71 ]
1 'roll' -0.03614518197612522
1 'pitch' -0.15175452722491783
1 'atForward' 1
1 'atGround' 0
1 'atSky' 0
1 'hit' 0
0 'emg' [ -63, -14, -3, -6, -4, -13, 46, -31 ]
0 'emg' [ -38, -9, 4, 5, 11, 30, 44, -23 ]
1 'emg' [ 5, -6, 43, 11, 3, 7, 14, -6 ]
1 'emg' [ -22, -21, -90, -17, -5, 1, -7, 4 ]
0 'emg' [ 88, 18, -8, -15, -33, -55, -40, -29 ]
0 'emg' [ -16, -19, -7, -5, 6, 11, 32, -83 ]
0 'emg' [ 23, -17, -20, -10, -10, -4, 68, 118 ]
0 'emg' [ 17, 3, 1, 2, -2, 0, 49, -73 ]
1 'emg' [ 45, 25, 69, 9, -3, -5, 2, -16 ]
1 'emg' [ -52, -2, -8, -5, 0, 0, -12, 5 ]
0 'roll' 0.2570724647036321
0 'pitch' -0.2621789361481607
0 'atForward' 1
0 'atGround' 0
0 'atSky' 0
0 'hit' 0
1 'emg' [ -24, -21, -53, -6, -2, -3, -6, -8 ]
1 'emg' [ 26, -17, 8, -1, -3, 0, 6, -1 ]
0 'emg' [ 78, 16, 9, 8, 10, 9, -29, -51 ]
0 'emg' [ 5, 5, 1, -2, -6, -8, 26, 10 ]
1 'roll' -0.050862808728578866
1 'pitch' -0.1171648085442062
1 'atForward' 1
1 'atGround' 0
1 'atSky' 0
1 'hit' 0
0 'emg' [ 23, 9, 3, 1, 1, -1, -29, -34 ]
0 'emg' [ -18, -13, -11, -9, -11, -17, -41, 89 ]
1 'emg' [ -26, 12, 33, 5, -5, -2, 11, 18 ]
1 'emg' [ -4, -5, 4, 3, 3, 3, -6, 5 ]
0 'roll' 0.271775181027867
0 'pitch' -0.25971064599215615
0 'atForward' 1
0 'atGround' 0
0 'atSky' 0
0 'hit' 0
1 'roll' -0.060564445758491625
1 'pitch' -0.10364038711398667
1 'atForward' 1
1 'atGround' 0
1 'atSky' 0
1 'hit' 0
0 'emg' [ -23, -10, -6, -1, 1, 2, -7, 62 ]
0 'emg' [ -23, 2, -5, -4, -4, -6, 6, 32 ]
1 'emg' [ -4, -2, -47, -12, -4, -7, -1, -9 ]
1 'emg' [ -6, -1, 82, 13, -4, -3, 5, 10 ]
0 'emg' [ -17, 1, 4, 5, 7, 11, -39, -8 ]
0 'emg' [ 1, 1, 3, 4, 1, 4, 5, 38 ]
1 'emg' [ -18, 4, 21, 4, -10, -5, 1, 3 ]
1 'emg' [ 5, -17, 25, 3, 0, 0, 3, 3 ]
0 'emg' [ 2, 1, 9, 10, 11, 10, -12, 18 ]
0 'emg' [ -21, -2, -3, -2, 1, 8, 33, 3 ]
1 'emg' [ -12, -14, -33, -6, 1, 3, -2, 3 ]
1 'emg' [ 5, 28, 29, 5, 0, -4, -3, -3 ]
0 'emg' [ 29, 3, -2, -2, -1, -3, -15, 0 ]
0 'emg' [ -1, 3, 3, 0, -4, -9, 0, 25 ]
1 'roll' -0.07712888367107702
1 'pitch' -0.07977830378680889
1 'atForward' 1
1 'atGround' 0
1 'atSky' 0
1 'hit' 0
0 'roll' 0.28508853950443885
0 'pitch' -0.252994390178606
0 'atForward' 1
0 'atGround' 0
0 'atSky' 0
0 'hit' 0
1 'emg' [ 0, 11, -1, -3, -2, 2, 1, 0 ]
1 'emg' [ -10, -22, 9, 4, -1, 0, 3, 4 ]
0 'emg' [ -3, -2, 0, -3, 0, 7, 0, 11 ]
0 'emg' [ -13, -7, -10, -7, -6, -6, -13, 35 ]
1 'emg' [ -15, -4, -28, -9, -3, -4, -3, 3 ]
1 'emg' [ 2, -24, -13, -2, -2, -2, 4, 2 ]
0 'emg' [ 2, -1, -2, -1, -2, -3, -13, 3 ]
0 'emg' [ 2, 5, 6, 3, 1, -1, 5, 19 ]
1 'roll' -0.08374848027642467
1 'pitch' -0.06719515759755275
1 'atForward' 1
1 'atGround' 0
1 'atSky' 0
1 'hit' 0
0 'roll' 0.28007641971193403
0 'pitch' -0.25052042811368935
0 'atForward' 1
0 'atGround' 0
0 'atSky' 0
0 'hit' 0
1 'emg' [ 5, 14, 43, 7, 3, 0, -1, -4 ]
1 'emg' [ -2, 24, 55, 21, 2, -1, 2, 3 ]
0 'emg' [ -14, -4, -1, 1, 3, 4, -12, 14 ]
0 'emg' [ -5, 0, -3, -2, -2, 2, 6, 9 ]
1 'emg' [ -9, -16, -37, -13, -3, 0, 3, 1 ]
1 'emg' [ 9, -13, -77, 0, 7, 7, 5, 2 ]
0 'emg' [ 9, 3, 3, 2, 2, 2, 11, 12 ]
0 'emg' [ -3, 0, 0, -10, -14, -1, 1, 8 ]
1 'emg' [ 2, 23, 23, 7, -2, -3, 0, 2 ]
1 'emg' [ -10, -33, -29, -10, -5, -4, -7, -13 ]
0 'emg' [ 3, -1, -4, -1, 7, -3, -4, -7 ]
0 'emg' [ -5, -6, -5, 7, 2, -5, -9, 18 ]
1 'emg' [ -13, -15, -42, -17, -7, -6, -2, 0 ]
1 'emg' [ -4, 8, 0, -22, -6, -5, -5, 0 ]
0 'roll' 0.2761967179598037
0 'pitch' -0.24041163554744485
0 'atForward' 1
0 'atGround' 0
0 'atSky' 0
0 'hit' 0
1 'roll' -0.09173053405085226
1 'pitch' -0.035003358981805635
1 'atForward' 1
1 'atGround' 0
1 'atSky' 0
1 'hit' 0
0 'emg' [ -5, -5, -7, -8, 6, 3, 0, 11 ]
0 'emg' [ -4, -2, -2, 2, -5, -4, -1, 5 ]
1 'emg' [ -5, 3, -3, 0, 3, -1, -1, 0 ]
1 'emg' [ 1, -12, -5, -1, -4, -2, -1, -2 ]
0 'emg' [ -3, -1, -8, -7, -8, -1, -12, -2 ]
0 'emg' [ -1, 0, 0, -8, -6, -2, 4, 5 ]
1 'roll' -0.10348586731375241
1 'pitch' -0.01808992343007442
1 'atForward' 1
1 'atGround' 0
1 'atSky' 0
1 'hit' 0
0 'roll' 0.28263331154143695
0 'pitch' -0.23158356287178575
0 'atForward' 1
0 'atGround' 0
0 'atSky' 0
0 'hit' 0
0 'emg' [ 1, 4, 8, 9, 4, 4, 2, 5 ]
0 'emg' [ -3, 2, 5, 2, 0, 1, 0, -1 ]
1 'emg' [ -1, -11, -3, 1, 8, 2, -1, 0 ]
1 'emg' [ -4, 30, -2, -17, 1, 0, 1, 0 ]
0 'emg' [ 5, 1, 2, 0, -4, -1, -2, -2 ]
0 'emg' [ -2, -2, -3, 1, 3, -1, -1, 1 ]
1 'emg' [ -4, 5, -8, -7, 7, 3, -1, 0 ]
1 'emg' [ 1, -4, 68, 17, 1, 0, 1, 3 ]
0 'emg' [ -1, -1, 1, 3, -3, -5, 1, 2 ]
0 'emg' [ -1, 1, 5, 7, -3, 0, -6, 7 ]
1 'roll' -0.12043431872924931
1 'pitch' -0.0013770241916885588
1 'atForward' 1
1 'atGround' 0
1 'atSky' 0
1 'hit' 0
0 'emg' [ -3, -5, -5, -14, -2, -5, -4, -2 ]
0 'emg' [ -3, 0, 1, -5, -16, -3, 0, 2 ]
1 'emg' [ -3, -10, 0, 5, -12, -4, -2, -3 ]
1 'emg' [ -2, 3, 17, -34, -17, -7, -2, 1 ]
0 'roll' 0.2961772599866962
0 'pitch' -0.22061767223158849
0 'atForward' 1
0 'atGround' 0
0 'atSky' 0
0 'hit' 0
1 'emg' [ -4, 33, 34, 23, 4, -1, -4, -1 ]
1 'emg' [ -1, -20, -22, 7, 9, 1, 0, -1 ]
0 'emg' [ -2, -3, -6, -3, 2, 6, -3, 3 ]
0 'emg' [ -1, -2, -15, 23, 26, 4, 1, 3 ]
0 'emg' [ 2, 1, 0, -10, 4, 2, -2, -2 ]
0 'emg' [ -5, -7, -12, -6, 1, -2, -3, -1 ]
0 'roll' 0.29605618273831624
0 'pitch' -0.2183365077778594
0 'atForward' 1
0 'atGround' 0
0 'atSky' 0
0 'hit' 0
1 'roll' -0.13117016562216494
1 'pitch' 0.01434433477388642
1 'atForward' 1
1 'atGround' 0
1 'atSky' 0
1 'hit' 0
0 'emg' [ 4, 0, 10, 3, -23, -4, 0, 3 ]
0 'emg' [ 1, 2, 8, -33, -6, -2, 1, 1 ]
1 'emg' [ -1, 8, 12, -6, -1, -3, -1, -2 ]
1 'emg' [ -1, -6, -11, -14, -3, -2, -2, -3 ]
0 'emg' [ 0, -1, 4, 33, -7, 3, -3, -4 ]
0 'emg' [ -1, -3, -4, -55, -28, -18, -5, 4 ]
1 'roll' -0.1359446803159926
1 'pitch' 0.028347235427586093
1 'atForward' 1
1 'atGround' 0
1 'atSky' 0
1 'hit' 0
0 'wave_in' 0
0 'emg' [ -3, -7, -29, 32, 27, 8, 4, 4 ]
0 'emg' [ -2, -1, -7, -13, 7, -3, -1, -1 ]
1 'fist' 0
1 'emg' [ 0, -4, 7, 7, -1, -5, 0, 1 ]
1 'emg' [ -2, 10, -9, -1, -3, -1, -1, -2 ]
0 'emg' [ 1, 2, 12, 7, -3, -1, -3, 1 ]
0 'emg' [ -2, 3, 16, 9, 14, 2, -4, 0 ]
1 'roll' -0.14542582358562062
1 'pitch' 0.04124075862038709
1 'atForward' 1
1 'atGround' 0
1 'atSky' 0
1 'hit' 0
0 'roll' 0.28260988088716
0 'pitch' -0.20678486944657262
0 'atForward' 1
0 'atGround' 0
0 'atSky' 0
0 'hit' 0
1 'emg' [ 2, -5, -23, -15, -14, -5, -2, -2 ]
1 'emg' [ -4, 14, 43, -21, -16, -9, -4, -1 ]
0 'emg' [ 2, 1, -2, -18, -53, 16, 6, 4 ]
0 'emg' [ -1, -1, 2, 9, 36, -16, -1, -1 ]
1 'emg' [ -2, 13, 69, 25, 4, 4, 3, 3 ]
1 'emg' [ -3, -39, 19, 6, -14, -6, -1, -2 ]
0 'emg' [ 1, -2, -3, -11, 9, 1, 1, -1 ]
0 'emg' [ 0, 0, -2, 15, -4, -5, 1, 1 ]
1 'emg' [ -5, -31, -20, 5, -3, -3, -4, -4 ]
1 'emg' [ 1, 38, -29, 8, 6, 4, -1, -1 ]
0 'roll' 0.2712499790375397
0 'pitch' -0.20097503604326872
0 'atForward' 1
0 'atGround' 0
0 'atSky' 0
0 'hit' 0
1 'roll' -0.17216334670181951
1 'pitch' 0.06682889946451066
1 'atForward' 1
1 'atGround' 0
1 'atSky' 0
1 'hit' 0
0 'emg' [ -4, -2, 2, -16, -8, 9, -2, -1 ]
0 'emg' [ -3, -1, 2, -3, -7, 14, -5, 0 ]
1 'emg' [ 1, -4, -24, -12, -3, -1, 1, 1 ]
1 'emg' [ -2, 6, 18, -1, -3, -2, -1, -2 ]
0 'emg' [ 2, 3, 1, 17, 8, -7, 3, -1 ]
0 'emg' [ 0, -2, 6, -6, -33, -18, 0, 0 ]
1 'roll' -0.17953294034538603
1 'pitch' 0.07668028639784648
1 'atForward' 1
1 'atGround' 0
1 'atSky' 0
1 'hit' 0
0 'emg' [ -4, -8, -20, -13, 11, -5, -4, -1 ]
0 'emg' [ -3, -4, -2, -12, -24, -3, -4, -1 ]
1 'emg' [ -1, 7, 3, 7, 3, 0, -1, -2 ]
1 'emg' [ -5, -26, -36, 4, 4, 0, -1, -1 ]
0 'emg' [ 1, 1, 2, 1, 29, -13, -4, 0 ]
0 'emg' [ 0, -1, 0, 21, -7, 24, 2, 0 ]
1 'emg' [ -2, -11, -25, -20, -10, 0, 2, 1 ]
1 'emg' [ -1, 14, 88, 16, 3, 0, 0, 0 ]
0 'roll' 0.23317607600620877
0 'pitch' -0.18959818060576145
0 'atForward' 1
0 'atGround' 0
0 'atSky' 0
0 'hit' 0
0 'emg' [ 3, 4, 10, -9, -4, -14, -1, 2 ]
0 'emg' [ 2, -1, 9, 15, 12, -1, 7, 6 ]
1 'roll' -0.18771893077134746
1 'pitch' 0.08496824951630778
1 'atForward' 1
1 'atGround' 0
1 'atSky' 0
1 'hit' 0
0 'emg' [ -5, -5, -14, -15, -12, -14, -6, -2 ]
0 'emg' [ 0, 0, -4, -6, 6, 8, -1, 3 ]
1 'emg' [ 4, 15, 57, 18, 8, 3, 0, 2 ]
1 'emg' [ -2, -19, -71, -14, -13, -2, 1, 0 ]
0 'roll' 0.2119935542963521
0 'pitch' -0.18049231114219258
0 'atForward' 1
0 'atGround' 0
0 'atSky' 0
0 'hit' 0
1 'roll' -0.19709623066642562
1 'pitch' 0.0933207351882098
1 'atForward' 1
1 'atGround' 0
1 'atSky' 0
1 'hit' 0
0 'emg' [ -1, 0, 7, 8, -26, -29, -3, 3 ]
0 'emg' [ -4, -4, -3, -2, 5, -2, -4, -1 ]
1 'emg' [ 2, 14, -8, -6, 0, 0, -2, 0 ]
1 'emg' [ 2, 12, 14, 9, 0, 0, 0, -1 ]
0 'emg' [ -7, -6, -12, -26, 19, -2, -4, -2 ]
0 'emg' [ 4, 9, 11, 14, -29, -19, 6, 3 ]
1 'emg' [ 2, 19, -3, 2, 2, 1, 2, 2 ]
1 'emg' [ 0, -8, 0, -3, 1, 0, -2, -2 ]
0 'emg' [ 1, 5, 18, 54, 77, 46, 6, -1 ]
0 'emg' [ 1, -3, -20, -22, 1, 9, 6, 3 ]
1 'roll' -0.2071858054312596
1 'pitch' 0.11202023941931719
1 'atForward' 1
1 'atGround' 0
1 'atSky' 0
1 'hit' 0
0 'emg' [ 0, 2, 13, 8, -15, 6, 0, -1 ]
0 'emg' [ -2, 1, 14, -5, -12, -43, -17, -5 ]
1 'emg' [ -3, -29, 36, 9, -1, -2, -4, -4 ]
1 'emg' [ 5, 23, 20, 3, 5, 0, -3, -1 ]
0 'roll' 0.1603284855010244
0 'pitch' -0.14733701078442712
0 'atForward' 1
0 'atGround' 0
0 'atSky' 0
0 'hit' 0
1 'roll' -0.21479739849720086
1 'pitch' 0.1209438373076244
1 'atForward' 1
1 'atGround' 0
1 'atSky' 0
1 'hit' 0
0 'emg' [ -5, -6, -14, -52, -14, 65, 11, 2 ]
0 'emg' [ -3, -8, -10, 37, 8, -27, 2, -3 ]
1 'emg' [ -3, -3, 19, -1, -3, -1, -2, -3 ]
1 'emg' [ -1, -5, -7, -11, -5, -5, -1, -1 ]
0 'emg' [ -4, -4, -23, -23, 2, 6, 0, -4 ]
0 'emg' [ 1, -2, -1, 9, 16, 10, 4, 1 ]
1 'roll' -0.2263891560165085
1 'pitch' 0.14214454283128064
1 'atForward' 1
1 'atGround' 0
1 'atSky' 0
1 'hit' 0
0 'roll' 0.1325906596131748
0 'pitch' -0.12056765993598287
0 'atForward' 1
0 'atGround' 0
0 'atSky' 0
0 'hit' 0
1 'emg' [ 2, 15, 9, 7, 2, 0, -1, 0 ]
1 'emg' [ -4, -12, 16, 5, 0, -1, -1, -2 ]
0 'emg' [ 0, 5, 24, 8, -9, 4, -5, -1 ]
0 'emg' [ -2, 4, 5, -13, 3, -14, -4, -2 ]
1 'emg' [ -3, -13, -82, -11, -3, -4, -3, -3 ]
1 'emg' [ 0, -2, 26, 0, 1, 1, 0, 1 ]
0 'emg' [ -3, -4, -5, 4, -20, 18, 0, -3 ]
0 'emg' [ -2, 0, 0, 21, 24, 4, 5, -2 ]
1 'roll' -0.23763108963408622
1 'pitch' 0.16436486762316976
1 'atForward' 1
1 'atGround' 0
1 'atSky' 0
1 'hit' 0
0 'emg' [ -1, -1, -1, -5, 36, -36, -5, -2 ]
0 'emg' [ 1, 2, 1, -16, -75, 17, 0, -1 ]
1 'emg' [ 1, 15, 48, 7, -2, 0, 1, 1 ]
1 'emg' [ 1, 14, -36, 8, 6, 3, 1, 1 ]
0 'emg' [ 4, 4, 11, 16, 21, -7, 0, 2 ]
0 'emg' [ 0, 0, -7, -10, 51, 26, 2, -1 ]
1 'emg' [ -5, -12, 15, -3, -4, -2, -2, 0 ]
1 'emg' [ -3, -13, -6, -6, -3, -1, -1, -1 ]
0 'roll' 0.08763757535240337
0 'pitch' -0.095566491710005
0 'atForward' 1
0 'atGround' 0
0 'atSky' 0
0 'hit' 0
1 'roll' -0.24594828060162596
1 'pitch' 0.18659880152456526
1 'atForward' 1
1 'atGround' 0
1 'atSky' 0
1 'hit' 0
0 'emg' [ -2, -2, 0, 4, -10, -20, -5, -3 ]
0 'emg' [ -1, -1, -2, 2, 29, -10, -3, -2 ]
1 'emg' [ 1, 1, -31, -4, 2, 4, -1, -1 ]
1 'emg' [ 8, 4, -30, -7, 0, -2, -1, -2 ]
0 'emg' [ 2, 5, 9, 38, 32, 24, 4, 1 ]
0 'emg' [ -3, -11, -33, -54, -32, -22, -5, -3 ]
1 'roll' -0.24904692951451138
1 'pitch' 0.21004681143392945
1 'atForward' 1
1 'atGround' 0
1 'atSky' 0
1 'hit' 0
0 'roll' 0.059102647091578725
0 'pitch' -0.06592353774717495
0 'atForward' 1
0 'atGround' 0
0 'atSky' 0
0 'hit' 0
1 'emg' [ -19, 10, 12, 3, -2, -1, 0, 3 ]
1 'emg' [ 5, -4, 14, -4, -7, -2, -1, -1 ]
0 'emg' [ 1, -4, -16, -3, 29, 49, 12, 1 ]
0 'emg' [ 0, 2, 7, -4, -24, -16, -3, -1 ]
1 'emg' [ -5, -6, -4, 2, 1, -3, -3, 0 ]
1 'emg' [ -3, 6, -10, 20, 13, 2, -4, -1 ]
0 'emg' [ 1, 1, 6, -9, -46, -42, -3, 2 ]
0 'emg' [ -2, 1, 2, 10, 29, 57, -1, -1 ]
1 'roll' -0.2503847761102756
1 'pitch' 0.23392135307732342
1 'atForward' 1
1 'atGround' 0
1 'atSky' 0
1 'hit' 0
0 'emg' [ -2, -2, -3, -6, -25, -26, -4, -1 ]
0 'emg' [ -2, -1, -3, -2, -2, 5, -3, -1 ]
0 'emg' [ 1, -2, -3, -12, -13, -11, -1, -1 ]
0 'emg' [ 4, 0, 0, 8, -11, -3, -2, 1 ]
1 'emg' [ 2, -13, -48, -27, -11, -1, 1, -1 ]
1 'emg' [ -1, -6, 58, 12, -2, -2, -1, -2 ]
0 'roll' 0.028345962832258906
0 'pitch' -0.04971502963368966
0 'atForward' 1
0 'atGround' 0
0 'atSky' 0
0 'hit' 0
1 'emg' [ 2, 4, -7, -23, -8, -4, 0, 1 ]
1 'emg' [ 3, 14, 38, 2, -3, 1, 1, 1 ]
0 'emg' [ -1, -1, 1, -10, -9, -17, -4, -3 ]
0 'emg' [ 0, 0, 4, 22, 15, 14, 0, -1 ]
1 'roll' -0.2507826103241266
1 'pitch' 0.2564854819129964
1 'atForward' 1
1 'atGround' 0
1 'atSky' 0
1 'hit' 0
0 'emg' [ -1, -3, -1, -15, -13, 6, -2, -2 ]
0 'emg' [ -1, -3, -4, -4, -8, -6, 1, 1 ]
1 'emg' [ 0, 13, -1, -5, -4, -5, 0, -2 ]
1 'emg' [ 4, 5, -17, -10, -1, -1, -1, -1 ]
0 'roll' 0.030365363094813472
0 'pitch' -0.02539382348398096
0 'atForward' 1
0 'atGround' 0
0 'atSky' 0
0 'hit' 0
1 'roll' -0.2550141891853228
1 'pitch' 0.2783362903445985
1 'atForward' 1
1 'atGround' 0
1 'atSky' 0
1 'hit' 0
0 'wave_in' 1
0 'emg' [ -1, -1, -4, 24, 19, 2, -5, -2 ]
0 'emg' [ 2, 1, 4, -9, -37, -27, 1, 2 ]
1 'emg' [ -3, -19, -1, -2, 0, -1, -2, -2 ]
1 'emg' [ 2, 45, 13, -2, -1, -3, -1, 1 ]
0 'emg' [ 0, 0, 6, 3, -6, 7, 0, -1 ]
0 'emg' [ -1, -3, -11, -18, -12, 5, 1, 0 ]
1 'emg' [ 5, -30, -19, -4, 0, 0, 1, 2 ]
1 'emg' [ -9, -32, -19, -6, -6, -1, 0, -1 ]
0 'emg' [ 0, 0, 2, 9, 18, -17, -1, -1 ]
0 'emg' [ -2, -3, -6, -2, 2, 16, -1, -3 ]
1 'roll' -0.25472548624478153
1 'pitch' 0.2732102223680967
1 'atForward' 1
1 'atGround' 0
1 'atSky' 0
1 'hit' 0
0 'emg' [ -1, 0, -1, -13, 9, 9, 1, -1 ]
0 'emg' [ -2, -1, 4, 8, -4, -18, 1, -1 ]
1 'emg' [ -2, 9, -12, -1, 3, 1, 0, 0 ]
1 'emg' [ -5, -14, 34, 8, -1, -1, -1, 2 ]
0 'roll' 0.03868861807840871
0 'pitch' -0.011557232824333841
0 'atForward' 1
0 'atGround' 0
0 'atSky' 0
0 'hit' 0
1 'roll' -0.2569029868186782
1 'pitch' 0.2773451030800738
1 'atForward' 1
1 'atGround' 0
1 'atSky' 0
1 'hit' 0
0 'emg' [ 0, -1, -4, -5, -12, -21, -1, -1 ]
0 'emg' [ 0, 1, 4, 8, 15, 33, 2, 0 ]
1 'emg' [ 5, 28, 31, 11, 3, 2, -1, -1 ]
1 'emg' [ -4, 3, -19, -2, 1, 0, 0, -1 ]
0 'emg' [ -1, -2, -6, -6, -6, 4, 0, -1 ]
0 'emg' [ -3, -1, 1, 1, 1, -9, -2, -4 ]
1 'roll' -0.25617020581463656
1 'pitch' 0.2846117462742627
1 'atForward' 1
1 'atGround' 0
1 'atSky' 0
1 'hit' 0
0 'roll' 0.04159428595128415
0 'pitch' -0.006309700156168491
0 'atForward' 1
0 'atGround' 0
0 'atSky' 0
0 'hit' 0
1 'emg' [ 5, -5, 35, 8, 2, 3, 1, 1 ]
1 'emg' [ -2, -1, -48, -13, -4, -3, 0, 0 ]
0 'emg' [ 1, -1, -1, -2, -2, -11, -3, -2 ]
0 'emg' [ -3, -2, -4, -5, -8, -8, -4, -4 ]
1 'emg' [ 1, -6, 10, 1, 4, 4, 0, 1 ]
1 'emg' [ -2, 37, 22, -3, -3, -2, -2, -1 ]
0 'emg' [ -1, 0, -3, -1, -1, 0, -1, -1 ]
0 'emg' [ 0, 1, 1, 3, 10, 5, -1, 0 ]
1 'roll' -0.2522067247127168
1 'pitch' 0.2889123187274221
1 'atForward' 1
1 'atGround' 0
1 'atSky' 0
1 'hit' 0
0 'emg' [ -2, 0, 1, -6, -24, -8, -2, -2 ]
0 'emg' [ -3, -2, -2, -1, 6, 3, -1, -2 ]
1 'emg' [ -2, -19, -2, 10, 6, 2, 0, 0 ]
1 'emg' [ -3, -20, -4, 4, 1, 0, -1, -2 ]
1 'emg' [ 0, -2, -6, -6, -5, -2, -1, 0 ]
1 'emg' [ 0, 26, -22, -4, 2, 0, 0, -1 ]
0 'emg' [ 0, -2, 0, 8, -4, -8, -4, -1 ]
0 'emg' [ -2, -4, -5, 3, 3, 0, -2, -3 ]
1 'roll' -0.2503768545553401
1 'pitch' 0.2925008248889095
1 'atForward' 1
1 'atGround' 0
1 'atSky' 0
1 'hit' 0
0 'roll' 0.04557809512976376
0 'pitch' 0.004812676411496109
0 'atForward' 1
0 'atGround' 0
0 'atSky' 0
0 'hit' 0
1 'emg' [ -11, -2, -12, -6, -2, -3, -2, -4 ]
1 'emg' [ 0, 14, 0, -1, -2, -2, -4, -2 ]
0 'emg' [ -2, -2, -5, -12, -25, -10, -1, 1 ]
0 'emg' [ 1, 1, 0, -11, 7, 1, -1, 0 ]
1 'roll' -0.25314016374824766
1 'pitch' 0.295901245229566
1 'atForward' 1
1 'atGround' 0
1 'atSky' 0
1 'hit' 0
0 'emg' [ 1, 2, 6, 15, 23, 4, 2, 1 ]
0 'emg' [ 0, 0, -2, 4, -1, 1, -1, 1 ]
1 'emg' [ 5, 14, -10, -5, -3, 0, 0, -2 ]
1 'emg' [ -13, -35, 34, 8, 2, -2, -3, -2 ]
0 'roll' 0.042250303122690486
0 'pitch' 0.00818824977358002
0 'atForward' 1
0 'atGround' 0
0 'atSky' 0
0 'hit' 0
1 'emg' [ 9, -10, -3, 0, -3, -2, -2, -1 ]
1 'emg' [ -13, -16, -23, -6, -2, -1, 0, -2 ]
0 'emg' [ -2, -2, -5, -16, -5, 0, -2, -4 ]
0 'emg' [ -2, 0, 5, 5, -1, -3, 1, -2 ]
1 'roll' -0.25598553237747157
1 'pitch' 0.298735024860743
1 'atForward' 1
1 'atGround' 0
1 'atSky' 0
1 'hit' 0
0 'emg' [ 2, -2, -5, -11, -16, -36, -4, -2 ]
0 'emg' [ -2, -2, -3, 0, 5, 23, -1, -2 ]
0 'emg' [ -1, 1, 2, 2, -2, -6, -1, 0 ]
0 'emg' [ 0, -2, -2, 0, 0, 3, -2, -3 ]
0 'emg' [ -1, -1, -2, -1, -6, -7, -2, -1 ]
0 'emg' [ -2, 0, -1, 2, 3, -3, -2, -1 ]
1 'emg' [ -5, -11, -15, -5, 0, -1, -2, -3 ]
1 'emg' [ 8, 15, 1, 2, 7, 3, 2, 1 ]
0 'emg' [ -1, -1, 0, 0, -2, -4, -2, -3 ]
0 'emg' [ 0, 1, 0, 3, 0, -6, -3, 1 ]
1 'emg' [ -13, 12, -8, -8, -12, -7, -3, -5 ]
1 'emg' [ -2, -59, -5, -10, -9, -2, -2, -1 ]
0 'emg' [ -4, -3, -4, -7, -4, 9, 0, -2 ]
0 'emg' [ -1, -2, 0, 10, 8, -3, -1, -1 ]
1 'roll' -0.25295948305178423
1 'pitch' 0.30076389411367854
1 'atForward' 1
1 'atGround' 0
1 'atSky' 0
1 'hit' 0
0 'roll' 0.05029409030589178
0 'pitch' 0.020902263235460204
0 'atForward' 1
0 'atGround' 0
0 'atSky' 0
0 'hit' 0
1 'emg' [ -2, 5, 7, 3, 4, 1, 0, 2 ]
1 'emg' [ 8, 2, 1, -2, -2, -2, 0, -1 ]
0 'emg' [ -2, -2, 0, -3, 1, 4, 0, -1 ]
0 'emg' [ -1, -2, -1, -4, -2, 2, -1, -2 ]
1 'roll' -0.24733696641917224
1 'pitch' 0.30124608691933785
1 'atForward' 1
1 'atGround' 0
1 'atSky' 0
1 'hit' 0
0 'emg' [ -3, -4, -7, -5, -5, -15, -3, -1 ]
0 'emg' [ 0, 1, 5, 3, -18, 17, 3, 0 ]
1 'emg' [ -6, 25, 11, -1, 1, -2, -2, 0 ]
1 'emg' [ -8, 7, 20, 3, 1, 2, 1, -1 ]
0 'emg' [ 0, -1, -5, 1, 9, 3, 2, 2 ]
0 'emg' [ 1, 2, 6, 16, 4, 23, 4, 2 ]
1 'emg' [ 3, 1, -18, -5, -2, -2, 0, 0 ]
1 'emg' [ -2, 3, 18, 1, 0, -2, -2, -3 ]
1 'emg' [ 36, 10, 15, 4, 1, -2, -1, 3 ]
1 'emg' [ -4, -4, -8, -8, 0, 0, 0, 0 ]
0 'emg' [ 1, 1, 1, -7, -2, -3, 1, 1 ]
0 'emg' [ 0, -1, -8, -8, 3, 0, -4, -2 ]
1 'roll' -0.24587582885408785
1 'pitch' 0.30015444766233257
1 'atForward' 1
1 'atGround' 0
1 'atSky' 0
1 'hit' 0
0 'roll' 0.051463231750392864
0 'pitch' 0.01914072681190804
0 'atForward' 1
0 'atGround' 0
0 'atSky' 0
0 'hit' 0
1 'emg' [ -13, -15, -5, -5, -2, -1, 1, -3 ]
1 'emg' [ -3, -6, -5, -1, -1, 0, -1, -2 ]
0 'emg' [ 0, -1, -2, -10, -7, -26, -2, -2 ]
0 'emg' [ -2, -2, -5, -4, 2, 11, -3, -2 ]
1 'roll' -0.24644750023463596
1 'pitch' 0.30040981397957367
1 'atForward' 1
1 'atGround' 0
1 'atSky' 0
1 'hit' 0
0 'emg' [ -1, -2, 3, 0, 2, -15, 0, -2 ]
0 'emg' [ -1, 2, 2, 4, -3, 3, 0, 0 ]
1 'emg' [ 6, 14, -37, -6, 2, 1, 2, 2 ]
1 'emg' [ -16, 27, 4, -1, -2, -2, -1, -1 ]
0 'roll' 0.048930689994928
0 'pitch' 0.02188593522000861
0 'atForward' 1
0 'atGround' 0
0 'atSky' 0
0 'hit' 0
1 'emg' [ 4, 7, 14, 8, 0, 0, -1, -3 ]
1 'emg' [ 3, -3, -9, -5, -2, -2, -2, -2 ]
0 'emg' [ -2, -1, -5, -10, -17, -4, -2, 0 ]
0 'emg' [ -3, -4, -2, -3, 6, -7, -2, -1 ]
1 'roll' -0.24606588095031018
1 'pitch' 0.2994683554083321
1 'atForward' 1
1 'atGround' 0
1 'atSky' 0
1 'hit' 0
0 'emg' [ -4, -2, 0, 2, 1, 0, -2, -1 ]
0 'emg' [ 1, 3, -1, -2, -2, -7, 0, 1 ]
1 'emg' [ -5, 13, 0, -1, -2, 0, 0, -8 ]
1 'emg' [ 4, -57, -22, -3, 1, 1, 2, 8 ]
0 'emg' [ 0, 0, -2, 4, 2, 10, -1, 1 ]
0 'emg' [ 1, -2, -1, -14, -14, -5, -2, 0 ]
1 'emg' [ -28, -5, 1, 2, 2, -1, 0, 1 ]
1 'emg' [ 2, 9, -4, -5, -4, -1, 1, 0 ]
0 'roll' 0.05606905862203006
0 'pitch' 0.026299729266325022
0 'atForward' 1
0 'atGround' 0
0 'atSky' 0
0 'hit' 0
1 'roll' -0.2461029792685633
1 'pitch' 0.2979270217453629
1 'atForward' 1
1 'atGround' 0
1 'atSky' 0
1 'hit' 0
0 'emg' [ -2, -1, -1, 7, 12, 7, -1, -1 ]
0 'emg' [ -2, -1, -3, -3, -2, -10, -2, -2 ]
1 'emg' [ 4, 25, -12, -3, -2, -1, 0, 1 ]
1 'emg' [ 1, -36, -7, -1, 4, 0, 1, -1 ]
0 'emg' [ -3, -3, -6, -6, 0, 9, 1, -1 ]
0 'emg' [ -2, -2, -1, -5, 0, -2, -1, 0 ]
1 'roll' -0.24636874132869355
1 'pitch' 0.29684131375892264
1 'atForward' 1
1 'atGround' 0
1 'atSky' 0
1 'hit' 0
0 'roll' 0.05462357462858925
0 'pitch' 0.024728657731035993
0 'atForward' 1
0 'atGround' 0
0 'atSky' 0
0 'hit' 0
1 'emg' [ -3, -2, 13, 3, 0, 0, -1, 3 ]
1 'emg' [ 7, 9, -10, 1, 5, 4, 1, -1 ]
0 'emg' [ 2, 3, 7, 3, -24, -2, 2, 1 ]
0 'emg' [ -3, -5, -13, -10, 0, -7, -1, -1 ]
0 'emg' [ -1, -1, 0, 0, 0, 7, -1, -2 ]
0 'emg' [ 0, 0, -4, -5, 13, 1, 2, 0 ]
1 'emg' [ -3, -23, 2, 6, -2, 0, -1, -1 ]
1 'emg' [ -3, 4, -6, -3, -5, -1, -1, -1 ]
0 'emg' [ 1, 0, 3, 3, -2, 4, -2, -2 ]
0 'emg' [ 0, 2, 4, 0, -3, -7, -2, -1 ]
1 'roll' -0.24563939147516528
1 'pitch' 0.2949706579080969
1 'atForward' 1
1 'atGround' 0
1 'atSky' 0
1 'hit' 0
0 'emg' [ -1, -3, -3, 3, -2, -16, -2, 0 ]
0 'emg' [ -4, -5, -3, 0, 4, -1, -3, -3 ]
1 'emg' [ 9, 13, 14, -2, -4, -2, 1, 3 ]
1 'emg' [ 1, 6, -2, -5, 0, 0, -2, -1 ]
1 'emg' [ -5, -13, -38, -11, -2, -3, -2, -5 ]
1 'emg' [ 2, -18, -11, -2, 4, 2, -1, 2 ]
0 'roll' 0.051745178443228
0 'pitch' 0.04885017413643795
0 'atForward' 1
0 'atGround' 0
0 'atSky' 0
0 'hit' 0
1 'roll' -0.24373530105442226
1 'pitch' 0.2929323369380288
1 'atForward' 1
1 'atGround' 0
1 'atSky' 0
1 'hit' 0
0 'emg' [ 0, -3, -1, -2, -4, 4, 0, -1 ]
0 'emg' [ -1, -2, -1, -1, 2, -7, 0, 0 ]
1 'emg' [ -5, 44, 13, -4, -2, -3, -4, -6 ]
1 'emg' [ -9, -9, -14, -8, -4, -3, -4, -3 ]
0 'emg' [ -1, 1, 1, -2, -2, -2, -2, -2 ]
0 'emg' [ -1, -1, 3, 7, -8, -14, 0, -1 ]
1 'roll' -0.2438953663083354
1 'pitch' 0.29125694909554134
1 'atForward' 1
1 'atGround' 0
1 'atSky' 0
1 'hit' 0
1 'emg' [ 1, -2, 8, 1, 1, 2, 2, 0 ]
1 'emg' [ -1, 11, 2, 0, -1, -1, 0, 0 ]
0 'roll' 0.05812594092444827
0 'pitch' 0.04983845236189999
0 'atForward' 1
0 'atGround' 0
0 'atSky' 0
0 'hit' 0
1 'roll' -0.24611522426215968
1 'pitch' 0.2898698840383306
1 'atForward' 1
1 'atGround' 0
1 'atSky' 0
1 'hit' 0
0 'emg' [ -1, 2, 0, 8, 19, 0, -3, -2 ]
0 'emg' [ -3, -3, -3, -3, -1, 0, -4, -2 ]
1 'emg' [ -6, -3, 7, -2, 1, -1, -2, -4 ]
1 'emg' [ -3, -7, -12, 0, -3, -4, -2, -3 ]
0 'emg' [ -2, 0, -2, 0, -6, 8, 0, 0 ]
0 'emg' [ 1, 0, -1, -6, -10, -12, -2, 1 ]
1 'emg' [ 3, -11, -8, 4, 2, 2, -1, 1 ]
1 'emg' [ -3, 16, 48, 13, 0, -1, -1, 1 ]
0 'emg' [ 0, 1, 3, 1, 6, 6, 2, -1 ]
0 'emg' [ 0, -1, -2, 0, 13, 5, 0, -2 ]
1 'roll' -0.24638328592663053
1 'pitch' 0.28796622321377374
1 'atForward' 1
1 'atGround' 0
1 'atSky' 0
1 'hit' 0
0 'emg' [ -2, 0, 0, 1, -6, 13, 1, -1 ]
0 'emg' [ -1, 0, -5, -7, -5, 1, -1, -1 ]
1 'emg' [ -7, -11, 7, -1, -1, -1, -1, -2 ]
1 'emg' [ 4, 3, -6, 4, 0, -2, -1, -1 ]
0 'emg' [ 1, -3, -1, 1, -10, -10, -1, 0 ]
0 'emg' [ -1, 0, 2, 2, 1, -16, -2, -1 ]
1 'roll' -0.24430398600446715
1 'pitch' 0.28594481467759464
1 'atForward' 1
1 'atGround' 0
1 'atSky' 0
1 'hit' 0
0 'emg' [ -2, -2, -4, -3, -7, 15, 1, -2 ]
0 'emg' [ -1, -1, 0, 2, 7, -1, -3, -3 ]
1 'emg' [ -3, 4, 3, 10, -2, -3, -2, -2 ]
1 'emg' [ -1, -12, -1, 0, -1, -2, -2, -2 ]
0 'emg' [ 0, -2, -2, -4, 0, -21, -2, -2 ]
0 'emg' [ 0, -1, -1, -7, -2, 39, 1, 0 ]
1 'emg' [ 0, 0, -1, -4, -1, -2, -2, -1 ]
1 'emg' [ -2, 18, 0, -5, -1, -2, -1, -4 ]
0 'emg' [ -2, -1, -3, -3, 0, -4, -3, 0 ]
0 'emg' [ 0, 1, 1, -1, -2, -1, 0, -1 ]
1 'roll' -0.2425381309389641
1 'pitch' 0.2847851034399386
1 'atForward' 1
1 'atGround' 0
1 'atSky' 0
1 'hit' 0
0 'emg' [ -2, -1, -2, -1, 9, -4, -1, -1 ]
0 'emg' [ 0, 0, 1, 13, 0, -9, 0, 0 ]
1 'emg' [ -12, -49, -13, 0, -4, 0, -1, -1 ]
1 'emg' [ 5, 33, 19, -4, -2, -4, 0, -1 ]
0 'emg' [ -2, -1, 2, 4, 7, 0, 0, -1 ]
0 'emg' [ 0, 2, -1, 2, 16, 2, 1, 0 ]
1 'emg' [ 6, 12, -1, -5, 1, -2, -1, 0 ]
1 'emg' [ 0, 5, -13, -2, -2, 0, -3, -8 ]
0 'roll' 0.05831075291151101
0 'pitch' 0.04991358058486259
0 'atForward' 1
0 'atGround' 0
0 'atSky' 0
0 'hit' 0
1 'roll' -0.2426373361769163
1 'pitch' 0.28352133691529263
1 'atForward' 1
1 'atGround' 0
1 'atSky' 0
1 'hit' 0
0 'emg' [ -2, -2, 1, -4, -20, 1, -1, -1 ]
0 'emg' [ -1, -3, -5, -8, 6, -6, -3, -2 ]
1 'emg' [ -2, 7, 7, 3, -1, -1, 1, 2 ]
1 'emg' [ -2, -7, 8, 3, -3, -5, -3, 1 ]
0 'emg' [ -2, -4, -5, -7, -8, 8, -1, -3 ]
0 'emg' [ 0, 0, 2, 0, -4, -11, 0, 0 ]
1 'roll' -0.24258059447463268
1 'pitch' 0.2829579312125069
1 'atForward' 1
1 'atGround' 0
1 'atSky' 0
1 'hit' 0
0 'roll' 0.06015220209730858
0 'pitch' 0.0499916557502335
0 'atForward' 1
0 'atGround' 0
0 'atSky' 0
0 'hit' 0
1 'emg' [ -2, 4, -4, -7, -3, -2, -2, -8 ]
1 'emg' [ 0, -5, 2, 12, 6, 1, 0, 0 ]
0 'emg' [ 0, -1, 0, 9, 21, 15, -2, -3 ]
0 'emg' [ -1, -2, -3, -6, -25, -29, -1, 0 ]
1 'emg' [ 2, 6, -14, -8, -1, 2, 1, 1 ]
1 'emg' [ -10, -31, -7, 1, -3, -2, -1, -1 ]
0 'emg' [ 1, 1, 2, -1, -5, -4, -1, 1 ]
0 'emg' [ 0, -1, 1, 2, -3, 6, -1, -1 ]
1 'roll' -0.24195560304698482
1 'pitch' 0.2828665143361026
1 'atForward' 1
1 'atGround' 0
1 'atSky' 0
1 'hit' 0
0 'emg' [ -2, 0, -3, -10, -4, -1, -1, -2 ]
0 'emg' [ 1, 0, -1, 6, 22, 2, -1, -1 ]
1 'emg' [ 23, 15, 6, -5, -2, -1, 0, 3 ]
1 'emg' [ -4, -20, 6, 5, 0, -2, -1, -2 ]
0 'emg' [ 0, 0, 0, 0, 4, 12, -1, 1 ]
0 'emg' [ 0, -3, -2, 0, -6, -4, -2, -1 ]
1 'emg' [ -7, -12, -17, 1, 1, 1, 0, -3 ]
1 'emg' [ -10, -6, -1, 0, 0, -3, -3, -5 ]
1 'roll' -0.24144299955424112
1 'pitch' 0.2831893628671682
1 'atForward' 1
1 'atGround' 0
1 'atSky' 0
1 'hit' 0
0 'roll' 0.06537841689773397
0 'pitch' 0.05091498162387973
0 'atForward' 1
0 'atGround' 0
0 'atSky' 0
0 'hit' 0
1 'emg' [ 24, 2, -8, -3, -1, -2, -4, -1 ]
1 'emg' [ 2, 0, -4, 1, 1, 0, 0, 16 ]
0 'emg' [ -1, -1, -2, -4, -9, 3, -2, -2 ]
0 'emg' [ -3, -3, -2, 0, -3, -3, 0, -3 ]
1 'roll' -0.24280537879147146
1 'pitch' 0.2829204470508945
1 'atForward' 1
1 'atGround' 0
1 'atSky' 0
1 'hit' 0
0 'emg' [ 1, -1, -1, 0, 8, -7, -1, -1 ]
0 'emg' [ -2, -2, 2, 1, -4, 7, 1, 0 ]
1 'emg' [ 28, 20, -7, -10, 2, 1, 0, -44 ]
1 'emg' [ -28, -42, -20, -13, -3, -1, -9, 29 ]
0 'roll' 0.06780322763591388
0 'pitch' 0.05149303258431185
0 'atForward' 1
0 'atGround' 0
0 'atSky' 0
0 'hit' 0
1 'emg' [ -11, -23, 17, 10, -1, -3, -3, 9 ]
1 'emg' [ 4, 15, -1, 1, -2, -1, 8, -11 ]
0 'emg' [ -1, -1, -5, -7, -7, -3, -1, -1 ]
0 'emg' [ -1, 1, 3, 0, -14, 0, -1, -1 ]
1 'roll' -0.24182564107180177
1 'pitch' 0.28213591829988277
1 'atForward' 1
1 'atGround' 0
1 'atSky' 0
1 'hit' 0
0 'emg' [ 0, 0, 0, -2, 2, -2, 2, 0 ]
0 'emg' [ -2, -3, -2, 2, 12, -1, -1, -2 ]
1 'emg' [ 12, 9, -9, -4, 0, -3, 1, 34 ]
1 'emg' [ 21, -2, 3, -2, 1, 4, 4, -51 ]
0 'emg' [ 1, 1, 2, 0, -5, -5, 0, -1 ]
0 'emg' [ -2, -2, -1, -3, -3, -7, -2, -1 ]
1 'emg' [ -35, -13, -4, -5, -3, -10, -46, -27 ]
1 'emg' [ -37, -12, 10, 1, 0, -4, -17, 23 ]
0 'emg' [ 0, 0, 1, 7, 8, 4, -1, -2 ]
0 'emg' [ -1, -1, -3, -5, -2, 4, -2, 0 ]
1 'roll' -0.23839273840859548
1 'pitch' 0.2813903457328647
1 'atForward' 1
1 'atGround' 0
1 'atSky' 0
1 'hit' 0
1 'emg' [ 14, -2, 13, 1, -1, 1, -3, -22 ]
1 'emg' [ 5, 80, 19, 6, 3, 5, 11, 10 ]
0 'emg' [ -3, -1, -2, -3, 1, -9, -1, 0 ]
0 'emg' [ 1, -1, -2, -1, -9, -13, -3, 1 ]
1 'roll' -0.23704040225800752
1 'pitch' 0.2784306952715062
1 'atForward' 1
1 'atGround' 0
1 'atSky' 0
1 'hit' 0
0 'emg' [ -1, -2, -1, 2, -7, -5, 1, -1 ]
0 'emg' [ 0, 0, -1, 2, 5, 0, -1, 1 ]
1 'emg' [ -26, -38, -17, -5, 0, 1, -1, -26 ]
1 'emg' [ 6, -39, -22, -6, -2, -5, 1, 45 ]
0 'roll' 0.07356781776064332
0 'pitch' 0.054293928405117355
0 'atForward' 1
0 'atGround' 0
0 'atSky' 0
0 'hit' 0
1 'emg' [ -7, -14, -14, -4, -3, 0, 9, -11 ]
1 'emg' [ 4, -1, 28, 7, -1, -2, -21, -31 ]
1 'roll' -0.23554172741928794
1 'pitch' 0.2761065527115515
1 'atForward' 1
1 'atGround' 0
1 'atSky' 0
1 'hit' 0
0 'emg' [ 0, -2, -2, -3, 4, 14, -3, -1 ]
0 'emg' [ 1, -1, 0, -10, -4, -12, -3, -1 ]
1 'emg' [ -5, 11, 5, 0, -3, -3, 1, -3 ]
1 'emg' [ -9, -18, -9, -20, 1, -1, -8, -14 ]
0 'emg' [ -1, -1, -1, 8, 5, -6, -2, -3 ]
0 'emg' [ -1, -2, -5, -5, -16, -18, 1, -2 ]
1 'emg' [ 11, 14, -8, -2, -4, -1, 21, 12 ]
1 'emg' [ 10, -39, -22, -8, -4, -1, 21, 2 ]
0 'emg' [ -2, -1, -2, 3, 10, 16, -2, -1 ]
0 'emg' [ -1, -2, -3, -6, -4, 11, 0, 0 ]
1 'roll' -0.23138634415790318
1 'pitch' 0.2744926999930429
1 'atForward' 1
1 'atGround' 0
1 'atSky' 0
1 'hit' 0
0 'emg' [ -2, -2, -3, -6, -4, -6, -3, -2 ]
0 'emg' [ -1, -3, 2, -5, -10, 1, -3, -4 ]
0 'emg' [ 0, 0, -2, 6, 7, -13, 0, 1 ]
0 'emg' [ 0, 1, 4, 7, 16, 10, 2, 1 ]
1 'emg' [ -1, 6, 30, -12, -3, 0, -1, 1 ]
1 'emg' [ 7, 9, -16, 8, 2, 0, 4, 8 ]
0 'emg' [ -1, -2, -3, -10, -11, -1, -3, -1 ]
0 'emg' [ -1, -1, 0, -1, -15, 0, -1, 0 ]
0 'emg' [ -2, -2, -2, -6, -2, -7, -3, -2 ]
0 'emg' [ -2, 0, -1, 2, 3, 18, 6, -2 ]
1 'roll' -0.22590804008980594
1 'pitch' 0.27230094925798876
1 'atForward' 1
1 'atGround' 0
1 'atSky' 0
1 'hit' 0
0 'emg' [ -1, 0, -1, 3, 12, -14, 0, 0 ]
0 'emg' [ -1, 0, 1, 0, -7, -5, -1, 0 ]