0 'roll' -0.5045209107756384
1 'emg' [ -4, -2, -2, -2, -6, 3, -2, -4 ]
1 'emg' [ 5, 2, 0, -1, -17, -11, 4, 16 ]
1 'roll' -0.21956134661467558
1 'emg' [ 10, 6, 1, -1, -2, -6, 3, 7 ]
1 'roll' -0.21708403284563413
1 'emg' [ -2, 2, -1, -1, -5, -1, -1, 3 ]
1 'emg' [ -2, -4, -3, -1, -1, 0, -8, -7 ]
1 'roll' -0.21811917319457577
1 'emg' [ -1, -1, -1, -2, -19, -1, -3, 2 ]
1 'roll' -0.21872522627000218
0 'emg' [ -1, -3, 5, 0, -2, -1, 10, -4 ]
0 'emg' [ -1, 3, 9, 0, 2, -3, -25, -2 ]
0 'roll' -0.5077851913020328
1 'roll' -0.2190125831296912
1 'emg' [ -2, -2, -2, -5, -11, -10, -1, -3 ]
1 'roll' -0.09044160811641917
1 'roll' 0.019784554642583756
1 'emg' [ -1, -2, -4, 2, 3, 4, 1, -3 ]
1 'emg' [ -1, -3, -5, -1, 1, 0, -1, 0 ]
1 'roll' 0.060856735133978525
0 'emg' [ 0, 0, 2, 2, 3, 1, 1, 0 ]
0 'emg' [ -3, 3, 2, 1, 1, 2, 1, -1 ]
0 'roll' -0.4580785725974922
0 'emg' [ -3, 2, -2, -10, -8, -5, -4, -2 ]
1 'emg' [ -1, -1, 0, 0, -2, 0, -2, -1 ]
0 'emg' [ -6, -9, -2, -18, -24, -8, -3, -2 ]
0 'emg' [ 16, 3, -5, -4, 1, 2, -1, 1 ]
0 'roll' -0.4191992679053737
1 'roll' 0.144331497417486
0 'roll' -0.30114219758639404
1 'roll' 0.17080309278715627
1 'roll' 0.18224214954225984
1 'emg' [ -1, -2, -4, -2, 0, 2, 2, 1 ]
0 'roll' -1.0751596104942378
0 'roll' -1.6420739982520411
1 'emg' [ -1, -2, -4, -1, 8, 1, 10, -1 ]
1 'emg' [ -1, -2, -1, -4, -5, -3, -3, -1 ]
1 'roll' 0.29082110023073937
1 'roll' 0.3103653925697171
1 'roll' 0.3903064709514236
1 'roll' 0.47428781330851255
0 'emg' [ 3, 14, -5, 6, 0, -4, 2, -4 ]
0 'emg' [ 26, 45, 1, 6, -9, -6, 0, 19 ]
0 'roll' -1.8240607306431904
0 'roll' -1.8134619542161887
0 'emg' [ 4, 1, 0, -4, -8, 3, 3, -12 ]
0 'emg' [ -8, -19, 5, 4, 4, 4, 5, -2 ]
1 'emg' [ -5, -1, 8, -17, -12, 6, -1, -17 ]
1 'emg' [ 15, 4, 2, 8, 22, 3, 29, 8 ]
1 'emg' [ -22, -7, -9, -23, -4, -11, -16, -20 ]
1 'emg' [ -3, 4, 9, 1, -2, 50, 33, 2 ]
1 'emg' [ 7, 5, 13, 14, -3, -10, 39, 7 ]
1 'roll' -0.6009370235552826
1 'emg' [ -6, -7, -3, -13, -9, -15, 43, -18 ]
1 'emg' [ -8, -7, -3, -7, -13, -3, 0, -4 ]
1 'roll' -1.100150037615553
1 'roll' -1.1896628854053566
1 'emg' [ 12, 7, -3, -7, -6, -8, -24, 24 ]
1 'roll' -1.374058474178266
1 'emg' [ -6, -4, -8, 12, 7, -57, 35, -17 ]
0 'roll' 1.5812776098537977
1 'emg' [ -9, -26, -12, 6, 8, 5, 15, -3 ]
1 'emg' [ 6, 15, 9, 14, 9, 44, 2, -1 ]
0 'emg' [ 25, -43, -14, -49, -45, -46, -16, -10 ]
0 'emg' [ -15, -18, -1, 4, 2, 7, -2, 2 ]
0 'emg' [ 13, 21, -9, -17, -34, -27, -22, 15 ]
0 'roll' 1.1942943747124768
1 'emg' [ -18, 13, -8, -9, -4, -28, -16, -4 ]
1 'emg' [ -1, 0, -6, 3, -6, 8, 22, 11 ]
1 'emg' [ 9, 6, -16, 4, -7, -20, -9, -2 ]
1 'emg' [ -15, -29, -12, -11, -13, -6, 18, -7 ]
1 'emg' [ -27, -55, -27, -14, -14, -41, -7, -19 ]
1 'emg' [ 0, 12, -2, -16, -25, -61, 32, 0 ]
0 'emg' [ 12, 5, -3, 7, 24, 35, 24, 67 ]
0 'emg' [ -17, -56, -2, 5, 3, 9, 7, -2 ]
0 'emg' [ 7, -13, -6, 5, 16, 20, 19, 27 ]
0 'roll' 1.2483901295896065
1 'roll' -1.5376962792732456
1 'emg' [ 4, 9, 4, -9, -1, 58, 32, -2 ]
1 'emg' [ 0, -10, -2, 4, -11, -6, -9, -2 ]
1 'roll' -1.5130387275575972
0 'emg' [ -1, 10, 20, 18, 20, 25, 22, -4 ]
0 'emg' [ -5, 4, -10, -9, -4, -2, 3, 6 ]
0 'emg' [ -11, -22, -12, 6, 2, -7, 7, 9 ]
1 'emg' [ 6, 1, -15, -19, -13, -7, -14, 0 ]
1 'emg' [ -7, -4, -2, 2, -2, -8, -7, -9 ]
1 'emg' [ 17, 35, 7, 3, -8, -3, -10, 24 ]
1 'emg' [ 17, 10, 6, 2, 6, -3, 28, 8 ]
1 'emg' [ -4, 1, 9, -14, -18, 10, -3, -1 ]
1 'emg' [ 0, 0, 6, 15, -4, 3, -1, -1 ]
1 'emg' [ -2, 2, 5, 3, 5, 3, -7, -11 ]
0 'emg' [ -25, -24, -1, -19, -9, 0, 0, 16 ]
0 'emg' [ -14, -30, -4, -18, -9, -1, 0, -7 ]
1 'roll' 1.1610321567037223
1 'emg' [ -13, -21, -20, -9, -11, -6, 3, -13 ]
1 'emg' [ -8, -8, -8, 0, 33, 57, -3, -4 ]
1 'emg' [ -7, -6, -9, -8, -15, -14, 3, -11 ]
0 'roll' -1.699639154715834
0 'emg' [ 7, 2, 14, 7, 5, 3, 6, -2 ]
1 'emg' [ -6, -4, -5, 4, 9, -43, -31, -12 ]
1 'emg' [ 6, 6, 11, 9, 16, 10, 27, 5 ]
0 'emg' [ 12, 11, 1, -10, -7, -3, -6, -13 ]
0 'roll' -1.6656636010849493
0 'emg' [ 0, 2, 3, 0, -3, -2, 3, -4 ]
0 'roll' -1.3787996490424062
0 'emg' [ 0, 9, 8, 4, -1, 4, 2, 2 ]
0 'emg' [ -4, 22, -42, -16, 0, -2, -4, 0 ]
0 'emg' [ -16, 17, -13, -11, -5, -6, -4, -5 ]
1 'emg' [ 7, 5, -1, 3, 18, 17, 3, 0 ]
1 'roll' -1.18711608945476
1 'roll' -1.2060677363154764
0 'emg' [ 6, 5, 17, 12, 18, 14, 11, -4 ]
0 'emg' [ 8, -34, -7, -4, -2, -10, -14, 0 ]
0 'emg' [ -22, -8, 13, 2, -2, -5, -1, -4 ]
0 'roll' 0.6525323877873537
0 'emg' [ 0, -1, 1, 0, 2, 2, 1, 0 ]
1 'roll' -0.2319355342920889
1 'roll' -0.3226872648985397
1 'emg' [ 3, 5, 5, 6, 0, -4, -2, 1 ]
0 'emg' [ -3, -2, -1, -3, -4, -2, -4, -1 ]
1 'emg' [ -1, -1, -2, 3, -3, -4, 0, -2 ]
0 'emg' [ -1, -3, -4, -1, 1, 1, -1, -2 ]
0 'emg' [ -1, -2, -4, 1, 1, 0, -1, 0 ]
0 'emg' [ -3, -1, 2, -6, -10, -6, -3, -4 ]
0 'emg' [ 1, -1, 1, 0, -1, 0, 0, -1 ]
1 'emg' [ -2, 0, 0, 4, 4, -1, 1, -1 ]
1 'emg' [ -2, -3, -5, -10, -25, -19, -2, -1 ]
1 'emg' [ -6, -6, 0, -4, 1, -13, -7, -6 ]
0 'emg' [ -1, 0, -2, -5, -2, -1, -1, 0 ]
0 'emg' [ -2, -1, -1, -2, -2, -2, -1, -1 ]
0 'emg' [ -1, -1, -1, -1, 0, 1, -1, -1 ]
0 'emg' [ -1, -1, 2, 0, 2, -1, 0, -1 ]
1 'emg' [ -2, -3, -4, -4, -2, -13, -6, -2 ]
1 'emg' [ 0, -1, -2, 0, -12, -21, -2, -1 ]
1 'emg' [ -1, -1, -2, 4, 7, -8, 2, -3 ]
0 'emg' [ -2, -1, -1, -2, -3, -3, -1, -2 ]
1 'roll' -1.6445816955732724
1 'emg' [ 0, -3, -1, 3, -2, -9, 0, 5 ]
1 'emg' [ -1, -2, -1, -6, -5, 5, 4, 3 ]
1 'emg' [ 0, -1, 0, 2, -11, 16, 0, 2 ]
1 'emg' [ 1, 0, 0, -1, -1, -10, -15, -4 ]
1 'emg' [ -2, -3, -2, -1, 6, 0, -2, -7 ]
1 'roll' -1.61663283385209
1 'roll' -1.6048388977401098
1 'roll' -1.575181774004717
1 'roll' -1.5592413056197565
0 'emg' [ 19, -2, -3, -2, -3, -3, -1, -11 ]
0 'emg' [ 2, -1, 6, 1, -1, -3, -9, -13 ]
0 'roll' -0.3023758832824004
0 'emg' [ 11, -1, 1, -1, -2, -2, 0, -2 ]
1 'emg' [ -1, 0, -3, -3, -2, -4, -8, -1 ]
1 'roll' -1.5736006753520118
1 'emg' [ -3, -5, -2, -5, -15, 9, -9, -9 ]
1 'roll' -1.5834122514530555
1 'emg' [ -5, -2, -1, 0, 15, 23, 0, -2 ]
1 'roll' -1.5687239257502934
1 'emg' [ 0, 1, -1, -1, -1, 0, -9, -7 ]
1 'emg' [ -3, -10, -2, 0, 7, -13, 21, 9 ]
1 'roll' -1.2117046972742422
0 'emg' [ 11, 2, -2, -1, 0, 0, -10, -10 ]
0 'roll' -0.29752206952580523
1 'roll' -0.9269479015744566
1 'roll' -0.9602890814501417
1 'roll' -0.9512924435043497
0 'emg' [ -17, 0, 0, -2, -1, -3, -6, -3 ]
0 'emg' [ 0, 5, -2, 0, 1, -1, -4, -11 ]
0 'roll' -0.186931064544255
0 'emg' [ -27, -5, -1, -2, -1, 0, -4, -8 ]
0 'emg' [ 6, 0, -2, 2, 1, -1, 0, -8 ]
1 'emg' [ 3, -2, -2, -2, 5, 0, -4, -1 ]
1 'roll' -0.9885154857181927
1 'emg' [ 9, 13, 2, 3, 10, 14, 0, 3 ]
1 'emg' [ 8, -5, -1, -3, -6, -6, -1, 0 ]
1 'roll' -0.9409159114964912
1 'emg' [ 2, -3, 0, 3, 10, 4, -4, -3 ]
1 'emg' [ 2, 5, 0, -3, -11, 0, -4, -2 ]
1 'emg' [ 8, -1, -3, -3, -4, 1, 0, 11 ]
1 'emg' [ 2, -6, -2, 0, 16, 3, 0, -1 ]
1 'emg' [ 0, -1, 0, -1, -1, -4, -9, -5 ]
0 'roll' -0.22115476886006258
0 'emg' [ -15, -2, 3, 0, 1, -3, -6, -1 ]
1 'roll' -0.8727424079223435
0 'emg' [ 11, -7, -2, -1, -2, -3, 4, 1 ]
1 'roll' -0.9342039913880422
1 'roll' -0.9474527490893414
0 'emg' [ 12, -2, -1, 0, -3, -2, -2, -2 ]
1 'emg' [ 2, -3, -1, -2, -24, -8, -4, -1 ]
1 'emg' [ 1, 3, 2, 1, 5, 2, 1, -4 ]
1 'emg' [ 2, 1, -2, -2, -1, 0, 1, 6 ]
1 'roll' -0.9239875491500619
0 'emg' [ 4, -1, -2, -3, -1, -1, -1, 1 ]
1 'roll' -0.8168794759955488
1 'roll' -0.8299296397023198
1 'emg' [ 2, -5, -4, 0, -3, -4, -7, -2 ]
1 'roll' -0.8081210499288554
1 'emg' [ -4, -7, -3, -1, -1, 1, 6, -1 ]
0 'emg' [ 7, 7, 1, 1, 1, -1, -1, 0 ]
1 'emg' [ 6, -2, -3, -3, -8, -3, -1, 11 ]
1 'roll' -0.8221416975464672
1 'emg' [ 3, 1, -4, -4, -4, -7, -1, 1 ]
1 'emg' [ -1, -3, -2, 0, 7, -2, 0, 0 ]
1 'emg' [ 1, 0, -5, -6, -21, 6, -5, 0 ]
0 'emg' [ -1, 4, 1, 0, -1, -1, -2, -9 ]
0 'roll' -0.21114168155261637
0 'emg' [ 2, 3, -1, -2, 9, 4, 1, 4 ]
0 'roll' -0.437950981656464
0 'roll' -0.5007939216297278
1 'roll' 0.2069232726990004
1 'roll' 0.10103627940028641
1 'emg' [ -4, -2, -3, -4, -18, 4, -7, -7 ]
1 'emg' [ -2, -4, -3, -3, 14, -12, -5, -3 ]
1 'emg' [ -2, -1, 1, 1, 34, 11, -1, -2 ]
1 'roll' 0.028781506898119424
1 'emg' [ -3, -2, -1, -3, 19, 12, -1, -4 ]
1 'emg' [ -2, -3, -2, -4, -25, -16, -3, -4 ]
1 'emg' [ -2, 0, -2, -6, -12, 1, -1, -2 ]
